  2.000000000000000E-003  2.000000000000000E-003 -0.529415454275001     
  2.000000000000000E-003  0.304332916666667      -0.533039151514129     
  2.000000000000000E-003  0.606665833333333      -0.505028801211342     
  2.000000000000000E-003  0.908998750000000      -0.458638704108998     
  2.000000000000000E-003   1.21133166666667      -0.410933946494707     
  2.000000000000000E-003   1.51366458333333      -0.368010692688287     
  2.000000000000000E-003   1.81599750000000      -0.330916915303896     
  2.000000000000000E-003   2.11833041666667      -0.299104425243857     
  2.000000000000000E-003   2.42066333333333      -0.271958956475610     
  2.000000000000000E-003   2.72299625000000      -0.250256887415880     
  2.000000000000000E-003   3.02532916666667      -0.233579285764879     
  2.000000000000000E-003   3.32766208333333      -0.221334128693462     
  2.000000000000000E-003   3.62999500000000      -0.211569191140858     
  2.000000000000000E-003   3.93232791666667      -0.197731609313501     
  2.000000000000000E-003   4.23466083333333      -0.184782454314248     
  2.000000000000000E-003   4.53699375000000      -0.170761709558052     
  2.000000000000000E-003   4.83932666666667      -0.158516201000462     
  2.000000000000000E-003   5.14165958333333      -0.148972309147864     
  2.000000000000000E-003   5.44399250000000      -0.142098094409215     
  2.000000000000000E-003   5.74632541666667      -0.137417195849809     
  2.000000000000000E-003   6.04865833333333      -0.134414464510478     
  2.000000000000000E-003   6.35099125000000      -0.132300308897407     
  2.000000000000000E-003   6.65332416666666      -0.129508605620981     
  2.000000000000000E-003   6.95565708333333      -0.123870257658830     
  2.000000000000000E-003   7.25799000000000      -0.118908711792181     
  0.304332916666667       2.000000000000000E-003 -0.629621467371681     
  0.304332916666667       0.304332916666667      -0.613106258961223     
  0.304332916666667       0.606665833333333      -0.563803247484388     
  0.304332916666667       0.908998750000000      -0.504053298730761     
  0.304332916666667        1.21133166666667      -0.446607352053320     
  0.304332916666667        1.51366458333333      -0.396258069518340     
  0.304332916666667        1.81599750000000      -0.353542487210835     
  0.304332916666667        2.11833041666667      -0.317226963852452     
  0.304332916666667        2.42066333333333      -0.286441777624610     
  0.304332916666667        2.72299625000000      -0.261470737915153     
  0.304332916666667        3.02532916666667      -0.241168348693963     
  0.304332916666667        3.32766208333333      -0.225006103332578     
  0.304332916666667        3.62999500000000      -0.212757852812932     
  0.304332916666667        3.93232791666667      -0.201153572108863     
  0.304332916666667        4.23466083333333      -0.188087647575426     
  0.304332916666667        4.53699375000000      -0.174241455698627     
  0.304332916666667        4.83932666666667      -0.161970939826693     
  0.304332916666667        5.14165958333333      -0.152138602086756     
  0.304332916666667        5.44399250000000      -0.144849864579148     
  0.304332916666667        5.74632541666667      -0.139729357635189     
  0.304332916666667        6.04865833333333      -0.136211842950496     
  0.304332916666667        6.35099125000000      -0.133525716416327     
  0.304332916666667        6.65332416666666      -0.130375330625496     
  0.304332916666667        6.95565708333333      -0.125736528333363     
  0.304332916666667        7.25799000000000      -0.120870239703082     
  0.606665833333333       2.000000000000000E-003 -0.724462427735246     
  0.606665833333333       0.304332916666667      -0.687686590171308     
  0.606665833333333       0.606665833333333      -0.613954698287204     
  0.606665833333333       0.908998750000000      -0.539628186174120     
  0.606665833333333        1.21133166666667      -0.473440119849314     
  0.606665833333333        1.51366458333333      -0.417236937004933     
  0.606665833333333        1.81599750000000      -0.370321298136795     
  0.606665833333333        2.11833041666667      -0.331121913436318     
  0.606665833333333        2.42066333333333      -0.298447915828677     
  0.606665833333333        2.72299625000000      -0.271470648432696     
  0.606665833333333        3.02532916666667      -0.248748585872647     
  0.606665833333333        3.32766208333333      -0.229695813239388     
  0.606665833333333        3.62999500000000      -0.214466628264866     
  0.606665833333333        3.93232791666667      -0.201583106595868     
  0.606665833333333        4.23466083333333      -0.188705505752875     
  0.606665833333333        4.53699375000000      -0.175855088292906     
  0.606665833333333        4.83932666666667      -0.164387819733474     
  0.606665833333333        5.14165958333333      -0.154748300770727     
  0.606665833333333        5.44399250000000      -0.147235519471804     
  0.606665833333333        5.74632541666667      -0.141642175961738     
  0.606665833333333        6.04865833333333      -0.137454341318707     
  0.606665833333333        6.35099125000000      -0.133994263600823     
  0.606665833333333        6.65332416666666      -0.130465553260439     
  0.606665833333333        6.95565708333333      -0.126533810880487     
  0.606665833333333        7.25799000000000      -0.122137241771042     
  0.908998750000000       2.000000000000000E-003 -0.753908714776858     
  0.908998750000000       0.304332916666667      -0.720904603015575     
  0.908998750000000       0.606665833333333      -0.646037293208180     
  0.908998750000000       0.908998750000000      -0.564476383327072     
  0.908998750000000        1.21133166666667      -0.491645884010597     
  0.908998750000000        1.51366458333333      -0.430645827178490     
  0.908998750000000        1.81599750000000      -0.380838781517492     
  0.908998750000000        2.11833041666667      -0.340316225287218     
  0.908998750000000        2.42066333333333      -0.307078467024601     
  0.908998750000000        2.72299625000000      -0.279172933841249     
  0.908998750000000        3.02532916666667      -0.255233362938055     
  0.908998750000000        3.32766208333333      -0.234616352668913     
  0.908998750000000        3.62999500000000      -0.217222828770688     
  0.908998750000000        3.93232791666667      -0.202431294287912     
  0.908998750000000        4.23466083333333      -0.189145278817838     
  0.908998750000000        4.53699375000000      -0.177000306758365     
  0.908998750000000        4.83932666666667      -0.166235136228734     
  0.908998750000000        5.14165958333333      -0.156952895417322     
  0.908998750000000        5.44399250000000      -0.149262268842352     
  0.908998750000000        5.74632541666667      -0.143241527976016     
  0.908998750000000        6.04865833333333      -0.138428422361145     
  0.908998750000000        6.35099125000000      -0.134322558662038     
  0.908998750000000        6.65332416666666      -0.130456774309700     
  0.908998750000000        6.95565708333333      -0.126543298798013     
  0.908998750000000        7.25799000000000      -0.122228642357926     
   1.21133166666667       2.000000000000000E-003 -0.749469294686738     
   1.21133166666667       0.304332916666667      -0.722871079689310     
   1.21133166666667       0.606665833333333      -0.656213277779582     
   1.21133166666667       0.908998750000000      -0.576523492653989     
   1.21133166666667        1.21133166666667      -0.501316527955814     
   1.21133166666667        1.51366458333333      -0.437510456034972     
   1.21133166666667        1.81599750000000      -0.386153271881035     
   1.21133166666667        2.11833041666667      -0.345522719937347     
   1.21133166666667        2.42066333333333      -0.312147941715291     
   1.21133166666667        2.72299625000000      -0.283854631718764     
   1.21133166666667        3.02532916666667      -0.259401733450744     
   1.21133166666667        3.32766208333333      -0.238127316999590     
   1.21133166666667        3.62999500000000      -0.219729419774287     
   1.21133166666667        3.93232791666667      -0.203947590460866     
   1.21133166666667        4.23466083333333      -0.190304116329618     
   1.21133166666667        4.53699375000000      -0.178337538943005     
   1.21133166666667        4.83932666666667      -0.167871306936936     
   1.21133166666667        5.14165958333333      -0.158808377410695     
   1.21133166666667        5.44399250000000      -0.151037599042308     
   1.21133166666667        5.74632541666667      -0.144607113979278     
   1.21133166666667        6.04865833333333      -0.139253532631985     
   1.21133166666667        6.35099125000000      -0.134602430136049     
   1.21133166666667        6.65332416666666      -0.130327938333778     
   1.21133166666667        6.95565708333333      -0.126150403350539     
   1.21133166666667        7.25799000000000      -0.121777617038801     
   1.51366458333333       2.000000000000000E-003 -0.729472087354364     
   1.51366458333333       0.304332916666667      -0.707348907290589     
   1.51366458333333       0.606665833333333      -0.649890497984527     
   1.51366458333333       0.908998750000000      -0.575809055663152     
   1.51366458333333        1.21133166666667      -0.502195294527892     
   1.51366458333333        1.51366458333333      -0.438206489558939     
   1.51366458333333        1.81599750000000      -0.387184279705570     
   1.51366458333333        2.11833041666667      -0.346829557444022     
   1.51366458333333        2.42066333333333      -0.313611740075181     
   1.51366458333333        2.72299625000000      -0.285417116114120     
   1.51366458333333        3.02532916666667      -0.261011428869598     
   1.51366458333333        3.32766208333333      -0.239730930762127     
   1.51366458333333        3.62999500000000      -0.221234613535987     
   1.51366458333333        3.93232791666667      -0.205269467756979     
   1.51366458333333        4.23466083333333      -0.191521835904006     
   1.51366458333333        4.53699375000000      -0.179645038594033     
   1.51366458333333        4.83932666666667      -0.169340233672005     
   1.51366458333333        5.14165958333333      -0.160369745113920     
   1.51366458333333        5.44399250000000      -0.152548100837693     
   1.51366458333333        5.74632541666667      -0.145758398795356     
   1.51366458333333        6.04865833333333      -0.139913750931173     
   1.51366458333333        6.35099125000000      -0.134767331056640     
   1.51366458333333        6.65332416666666      -0.130070508354118     
   1.51366458333333        6.95565708333333      -0.125592449641224     
   1.51366458333333        7.25799000000000      -0.121140174675314     
   1.81599750000000       2.000000000000000E-003 -0.699116861808173     
   1.81599750000000       0.304332916666667      -0.680412344858112     
   1.81599750000000       0.606665833333333      -0.629551137369889     
   1.81599750000000       0.908998750000000      -0.562243066633185     
   1.81599750000000        1.21133166666667      -0.492682923464355     
   1.81599750000000        1.51366458333333      -0.431938292463527     
   1.81599750000000        1.81599750000000      -0.383324585334661     
   1.81599750000000        2.11833041666667      -0.343976377593789     
   1.81599750000000        2.42066333333333      -0.311409127258913     
   1.81599750000000        2.72299625000000      -0.283852787892226     
   1.81599750000000        3.02532916666667      -0.260103180671489     
   1.81599750000000        3.32766208333333      -0.239422162395532     
   1.81599750000000        3.62999500000000      -0.221397402086682     
   1.81599750000000        3.93232791666667      -0.205766292604740     
   1.81599750000000        4.23466083333333      -0.192273067834924     
   1.81599750000000        4.53699375000000      -0.180617176988400     
   1.81599750000000        4.83932666666667      -0.170478341354896     
   1.81599750000000        5.14165958333333      -0.161567184435689     
   1.81599750000000        5.44399250000000      -0.153664517237957     
   1.81599750000000        5.74632541666667      -0.146627960671498     
   1.81599750000000        6.04865833333333      -0.140363669926673     
   1.81599750000000        6.35099125000000      -0.134778833949530     
   1.81599750000000        6.65332416666666      -0.129714606132054     
   1.81599750000000        6.95565708333333      -0.124996968757914     
   1.81599750000000        7.25799000000000      -0.120483211408291     
   2.11833041666667       2.000000000000000E-003 -0.659748701306211     
   2.11833041666667       0.304332916666667      -0.641651677106581     
   2.11833041666667       0.606665833333333      -0.595405290817764     
   2.11833041666667       0.908998750000000      -0.533759702935723     
   2.11833041666667        1.21133166666667      -0.472985135792893     
   2.11833041666667        1.51366458333333      -0.419516800457571     
   2.11833041666667        1.81599750000000      -0.374406325173322     
   2.11833041666667        2.11833041666667      -0.336875458949475     
   2.11833041666667        2.42066333333333      -0.305622963415042     
   2.11833041666667        2.72299625000000      -0.279308184970532     
   2.11833041666667        3.02532916666667      -0.256786661946733     
   2.11833041666667        3.32766208333333      -0.237232558589034     
   2.11833041666667        3.62999500000000      -0.220139224643733     
   2.11833041666667        3.93232791666667      -0.205212799201235     
   2.11833041666667        4.23466083333333      -0.192229486855984     
   2.11833041666667        4.53699375000000      -0.180936324203879     
   2.11833041666667        4.83932666666667      -0.171034612449758     
   2.11833041666667        5.14165958333333      -0.162228359407844     
   2.11833041666667        5.44399250000000      -0.154287976894600     
   2.11833041666667        5.74632541666667      -0.147080399798711     
   2.11833041666667        6.04865833333333      -0.140546184689826     
   2.11833041666667        6.35099125000000      -0.134643749770652     
   2.11833041666667        6.65332416666666      -0.129306805702930     
   2.11833041666667        6.95565708333333      -0.124447240120410     
   2.11833041666667        7.25799000000000      -0.119928217579594     
   2.42066333333333       2.000000000000000E-003 -0.618354747237957     
   2.42066333333333       0.304332916666667      -0.601000043155599     
   2.42066333333333       0.606665833333333      -0.556553490468994     
   2.42066333333333       0.908998750000000      -0.502883512164109     
   2.42066333333333        1.21133166666667      -0.450091207231361     
   2.42066333333333        1.51366458333333      -0.402287555831023     
   2.42066333333333        1.81599750000000      -0.360867056153132     
   2.42066333333333        2.11833041666667      -0.325888041496561     
   2.42066333333333        2.42066333333333      -0.296676278317561     
   2.42066333333333        2.72299625000000      -0.272198429721314     
   2.42066333333333        3.02532916666667      -0.251374625261961     
   2.42066333333333        3.32766208333333      -0.233320757444024     
   2.42066333333333        3.62999500000000      -0.217458339486622     
   2.42066333333333        3.93232791666667      -0.203472358318854     
   2.42066333333333        4.23466083333333      -0.191174361888050     
   2.42066333333333        4.53699375000000      -0.180369169704468     
   2.42066333333333        4.83932666666667      -0.170800867731240     
   2.42066333333333        5.14165958333333      -0.162189310279196     
   2.42066333333333        5.44399250000000      -0.154308386945128     
   2.42066333333333        5.74632541666667      -0.147039128762622     
   2.42066333333333        6.04865833333333      -0.140361308057636     
   2.42066333333333        6.35099125000000      -0.134296994545278     
   2.42066333333333        6.65332416666666      -0.128853256767536     
   2.42066333333333        6.95565708333333      -0.123996680011231     
   2.42066333333333        7.25799000000000      -0.119620372826920     
   2.72299625000000       2.000000000000000E-003 -0.583691564023717     
   2.72299625000000       0.304332916666667      -0.568553251903344     
   2.72299625000000       0.606665833333333      -0.528041465988124     
   2.72299625000000       0.908998750000000      -0.475041316313695     
   2.72299625000000        1.21133166666667      -0.424834900173541     
   2.72299625000000        1.51366458333333      -0.381243363032532     
   2.72299625000000        1.81599750000000      -0.343686926355524     
   2.72299625000000        2.11833041666667      -0.311915529793805     
   2.72299625000000        2.42066333333333      -0.285382387379165     
   2.72299625000000        2.72299625000000      -0.263206309716744     
   2.72299625000000        3.02532916666667      -0.244376715314516     
   2.72299625000000        3.32766208333333      -0.228009863879555     
   2.72299625000000        3.62999500000000      -0.213512078019345     
   2.72299625000000        3.93232791666667      -0.200579969478694     
   2.72299625000000        4.23466083333333      -0.189071404824457     
   2.72299625000000        4.53699375000000      -0.178850951068552     
   2.72299625000000        4.83932666666667      -0.169709703116266     
   2.72299625000000        5.14165958333333      -0.161391337019902     
   2.72299625000000        5.44399250000000      -0.153679634841071     
   2.72299625000000        5.74632541666667      -0.146469018101905     
   2.72299625000000        6.04865833333333      -0.139766428605842     
   2.72299625000000        6.35099125000000      -0.133633334902343     
   2.72299625000000        6.65332416666666      -0.128203378391751     
   2.72299625000000        6.95565708333333      -0.123648208824833     
   2.72299625000000        7.25799000000000      -0.119675214745775     
   3.02532916666667       2.000000000000000E-003 -0.541686470760270     
   3.02532916666667       0.304332916666667      -0.528633900480477     
   3.02532916666667       0.606665833333333      -0.492370508256266     
   3.02532916666667       0.908998750000000      -0.444225485243210     
   3.02532916666667        1.21133166666667      -0.397288021763987     
   3.02532916666667        1.51366458333333      -0.357726804730134     
   3.02532916666667        1.81599750000000      -0.324320560623646     
   3.02532916666667        2.11833041666667      -0.296218966250291     
   3.02532916666667        2.42066333333333      -0.272759003530474     
   3.02532916666667        2.72299625000000      -0.253117815386291     
   3.02532916666667        3.02532916666667      -0.236372746726136     
   3.02532916666667        3.32766208333333      -0.221707595908874     
   3.02532916666667        3.62999500000000      -0.208577224069053     
   3.02532916666667        3.93232791666667      -0.196724005530290     
   3.02532916666667        4.23466083333333      -0.186056086725900     
   3.02532916666667        4.53699375000000      -0.176487066935673     
   3.02532916666667        4.83932666666667      -0.167845870785236     
   3.02532916666667        5.14165958333333      -0.159899614548273     
   3.02532916666667        5.44399250000000      -0.152446433163467     
   3.02532916666667        5.74632541666667      -0.145392965953981     
   3.02532916666667        6.04865833333333      -0.138754782881454     
   3.02532916666667        6.35099125000000      -0.132609889102515     
   3.02532916666667        6.65332416666666      -0.127290387303089     
   3.02532916666667        6.95565708333333      -0.123203113315594     
   3.02532916666667        7.25799000000000      -0.119875985806698     
   3.32766208333333       2.000000000000000E-003 -0.501142006069338     
   3.32766208333333       0.304332916666667      -0.490503080471710     
   3.32766208333333       0.606665833333333      -0.456923540279297     
   3.32766208333333       0.908998750000000      -0.411576292052167     
   3.32766208333333        1.21133166666667      -0.368575241803625     
   3.32766208333333        1.51366458333333      -0.333352265815185     
   3.32766208333333        1.81599750000000      -0.304253958759569     
   3.32766208333333        2.11833041666667      -0.279980330393005     
   3.32766208333333        2.42066333333333      -0.259686857686393     
   3.32766208333333        2.72299625000000      -0.242577503838822     
   3.32766208333333        3.02532916666667      -0.227841481454809     
   3.32766208333333        3.32766208333333      -0.214783178815263     
   3.32766208333333        3.62999500000000      -0.202953168217752     
   3.32766208333333        3.93232791666667      -0.192159143854494     
   3.32766208333333        4.23466083333333      -0.182351620710870     
   3.32766208333333        4.53699375000000      -0.173472921556539     
   3.32766208333333        4.83932666666667      -0.165374591802694     
   3.32766208333333        5.14165958333333      -0.157845051838172     
   3.32766208333333        5.44399250000000      -0.150703511248557     
   3.32766208333333        5.74632541666667      -0.143872182284200     
   3.32766208333333        6.04865833333333      -0.137358396342358     
   3.32766208333333        6.35099125000000      -0.131220676862230     
   3.32766208333333        6.65332416666666      -0.125910544749463     
   3.32766208333333        6.95565708333333      -0.122228642859685     
   3.32766208333333        7.25799000000000      -0.119567620779585     
   3.62999500000000       2.000000000000000E-003 -0.459015483230075     
   3.62999500000000       0.304332916666667      -0.453829635857436     
   3.62999500000000       0.606665833333333      -0.422545895761755     
   3.62999500000000       0.908998750000000      -0.379666302861354     
   3.62999500000000        1.21133166666667      -0.340340778064335     
   3.62999500000000        1.51366458333333      -0.309236167193841     
   3.62999500000000        1.81599750000000      -0.284409977957144     
   3.62999500000000        2.11833041666667      -0.263888122847052     
   3.62999500000000        2.42066333333333      -0.246650404699253     
   3.62999500000000        2.72299625000000      -0.231937254559070     
   3.62999500000000        3.02532916666667      -0.219067982963422     
   3.62999500000000        3.32766208333333      -0.207494866699950     
   3.62999500000000        3.62999500000000      -0.196886079964987     
   3.62999500000000        3.93232791666667      -0.187118263990919     
   3.62999500000000        4.23466083333333      -0.178169948091037     
   3.62999500000000        4.53699375000000      -0.169992028053574     
   3.62999500000000        4.83932666666667      -0.162446348342201     
   3.62999500000000        5.14165958333333      -0.155343912817852     
   3.62999500000000        5.44399250000000      -0.148535357847661     
   3.62999500000000        5.74632541666667      -0.141969646818082     
   3.62999500000000        6.04865833333333      -0.135653168465630     
   3.62999500000000        6.35099125000000      -0.129649662927619     
   3.62999500000000        6.65332416666666      -0.124449977094752     
   3.62999500000000        6.95565708333333      -0.121077147233901     
   3.62999500000000        7.25799000000000      -0.118969877817199     
   3.93232791666667       2.000000000000000E-003 -0.405116083136548     
   3.93232791666667       0.304332916666667      -0.402150808753335     
   3.93232791666667       0.606665833333333      -0.379101526677438     
   3.93232791666667       0.908998750000000      -0.344396362676033     
   3.93232791666667        1.21133166666667      -0.311473127773693     
   3.93232791666667        1.51366458333333      -0.285374607336869     
   3.93232791666667        1.81599750000000      -0.264957669773873     
   3.93232791666667        2.11833041666667      -0.248088300938429     
   3.93232791666667        2.42066333333333      -0.233763465064630     
   3.93232791666667        2.72299625000000      -0.221311920788943     
   3.93232791666667        3.02532916666667      -0.210193250412896     
   3.93232791666667        3.32766208333333      -0.200012238091200     
   3.93232791666667        3.62999500000000      -0.190557962407342     
   3.93232791666667        3.93232791666667      -0.181773347077504     
   3.93232791666667        4.23466083333333      -0.173655701737655     
   3.93232791666667        4.53699375000000      -0.166155250259843     
   3.93232791666667        4.83932666666667      -0.159141726788750     
   3.93232791666667        5.14165958333333      -0.152454373620268     
   3.93232791666667        5.44399250000000      -0.145985587797867     
   3.93232791666667        5.74632541666667      -0.139724861263252     
   3.93232791666667        6.04865833333333      -0.133711887133570     
   3.93232791666667        6.35099125000000      -0.128063721307906     
   3.93232791666667        6.65332416666666      -0.123280585242892     
   3.93232791666667        6.95565708333333      -0.120040220257841     
   3.93232791666667        7.25799000000000      -0.117400108312627     
   4.23466083333333       2.000000000000000E-003 -0.344825348523839     
   4.23466083333333       0.304332916666667      -0.341161442453480     
   4.23466083333333       0.606665833333333      -0.326785600406528     
   4.23466083333333       0.908998750000000      -0.304350310305814     
   4.23466083333333        1.21133166666667      -0.280876718215495     
   4.23466083333333        1.51366458333333      -0.261527190365438     
   4.23466083333333        1.81599750000000      -0.245803386105844     
   4.23466083333333        2.11833041666667      -0.232550001050268     
   4.23466083333333        2.42066333333333      -0.221051698789069     
   4.23466083333333        2.72299625000000      -0.210783093342384     
   4.23466083333333        3.02532916666667      -0.201344882390023     
   4.23466083333333        3.32766208333333      -0.192486670064758     
   4.23466083333333        3.62999500000000      -0.184115178286143     
   4.23466083333333        3.93232791666667      -0.176240870850973     
   4.23466083333333        4.23466083333333      -0.168884122787780     
   4.23466083333333        4.53699375000000      -0.162001186930919     
   4.23466083333333        4.83932666666667      -0.155477942900623     
   4.23466083333333        5.14165958333333      -0.149188966891086     
   4.23466083333333        5.44399250000000      -0.143071677281807     
   4.23466083333333        5.74632541666667      -0.137157220947842     
   4.23466083333333        6.04865833333333      -0.131533076800526     
   4.23466083333333        6.35099125000000      -0.126324592033517     
   4.23466083333333        6.65332416666666      -0.121928394902277     
   4.23466083333333        6.95565708333333      -0.118592835899928     
   4.23466083333333        7.25799000000000      -0.115609954646352     
   4.53699375000000       2.000000000000000E-003 -0.284916016700792     
   4.53699375000000       0.304332916666667      -0.283069054087264     
   4.53699375000000       0.606665833333333      -0.276401545420166     
   4.53699375000000       0.908998750000000      -0.264793740436395     
   4.53699375000000        1.21133166666667      -0.251054430369719     
   4.53699375000000        1.51366458333333      -0.238345625227794     
   4.53699375000000        1.81599750000000      -0.227243118919035     
   4.53699375000000        2.11833041666667      -0.217502988367076     
   4.53699375000000        2.42066333333333      -0.208732937272209     
   4.53699375000000        2.72299625000000      -0.200559928323654     
   4.53699375000000        3.02532916666667      -0.192714986487866     
   4.53699375000000        3.32766208333333      -0.185081171567478     
   4.53699375000000        3.62999500000000      -0.177679452261367     
   4.53699375000000        3.93232791666667      -0.170594924383234     
   4.53699375000000        4.23466083333333      -0.163886268238175     
   4.53699375000000        4.53699375000000      -0.157533715324170     
   4.53699375000000        4.83932666666667      -0.151453080578493     
   4.53699375000000        5.14165958333333      -0.145558158067054     
   4.53699375000000        5.44399250000000      -0.139823203020570     
   4.53699375000000        5.74632541666667      -0.134302544700838     
   4.53699375000000        6.04865833333333      -0.129099217520803     
   4.53699375000000        6.35099125000000      -0.124318128715009     
   4.53699375000000        6.65332416666666      -0.120124674171059     
   4.53699375000000        6.95565708333333      -0.116606330359643     
   4.53699375000000        7.25799000000000      -0.113346469804203     
   4.83932666666667       2.000000000000000E-003 -0.238300260742333     
   4.83932666666667       0.304332916666667      -0.238213882294606     
   4.83932666666667       0.606665833333333      -0.236553591907414     
   4.83932666666667       0.908998750000000      -0.231504984896915     
   4.83932666666667        1.21133166666667      -0.224485584043805     
   4.83932666666667        1.51366458333333      -0.217110448696305     
   4.83932666666667        1.81599750000000      -0.210098241890746     
   4.83932666666667        2.11833041666667      -0.203540785403478     
   4.83932666666667        2.42066333333333      -0.197240722429783     
   4.83932666666667        2.72299625000000      -0.190946717449697     
   4.83932666666667        3.02532916666667      -0.184505187186057     
   4.83932666666667        3.32766208333333      -0.177920018001663     
   4.83932666666667        3.62999500000000      -0.171319781297160     
   4.83932666666667        3.93232791666667      -0.164867841724800     
   4.83932666666667        4.23466083333333      -0.158675098258992     
   4.83932666666667        4.53699375000000      -0.152763256968958     
   4.83932666666667        4.83932666666667      -0.147089613456293     
   4.83932666666667        5.14165958333333      -0.141605257713947     
   4.83932666666667        5.44399250000000      -0.136304748258159     
   4.83932666666667        5.74632541666667      -0.131237553126387     
   4.83932666666667        6.04865833333333      -0.126482336392701     
   4.83932666666667        6.35099125000000      -0.122108192787006     
   4.83932666666667        6.65332416666666      -0.118147446363525     
   4.83932666666667        6.95565708333333      -0.114566832013324     
   4.83932666666667        7.25799000000000      -0.111212624392192     
   5.14165958333333       2.000000000000000E-003 -0.204758673979313     
   5.14165958333333       0.304332916666667      -0.205084617940072     
   5.14165958333333       0.606665833333333      -0.205157137634410     
   5.14165958333333       0.908998750000000      -0.204473799495799     
   5.14165958333333        1.21133166666667      -0.202292007198248     
   5.14165958333333        1.51366458333333      -0.199052250527591     
   5.14165958333333        1.81599750000000      -0.195321106581152     
   5.14165958333333        2.11833041666667      -0.191317505134206     
   5.14165958333333        2.42066333333333      -0.186974830334221     
   5.14165958333333        2.72299625000000      -0.182149335010568     
   5.14165958333333        3.02532916666667      -0.176792537169035     
   5.14165958333333        3.32766208333333      -0.171011620263327     
   5.14165958333333        3.62999500000000      -0.165023104568538     
   5.14165958333333        3.93232791666667      -0.159055810003168     
   5.14165958333333        4.23466083333333      -0.153270938627424     
   5.14165958333333        4.53699375000000      -0.147737275491504     
   5.14165958333333        4.83932666666667      -0.142457408302039     
   5.14165958333333        5.14165958333333      -0.137414073276585     
   5.14165958333333        5.44399250000000      -0.132605206111618     
   5.14165958333333        5.74632541666667      -0.128052526154684     
   5.14165958333333        6.04865833333333      -0.123787470559037     
   5.14165958333333        6.35099125000000      -0.119827687336865     
   5.14165958333333        6.65332416666666      -0.116159447437900     
   5.14165958333333        6.95565708333333      -0.112737192498037     
   5.14165958333333        7.25799000000000      -0.109466578889631     
   5.44399250000000       2.000000000000000E-003 -0.181227249864770     
   5.44399250000000       0.304332916666667      -0.181717678536188     
   5.44399250000000       0.606665833333333      -0.183007703663506     
   5.44399250000000       0.908998750000000      -0.184271425615464     
   5.44399250000000        1.21133166666667      -0.185101790665488     
   5.44399250000000        1.51366458333333      -0.184922430323572     
   5.44399250000000        1.81599750000000      -0.183462050028743     
   5.44399250000000        2.11833041666667      -0.181121274803699     
   5.44399250000000        2.42066333333333      -0.178012015695173     
   5.44399250000000        2.72299625000000      -0.174108747107290     
   5.44399250000000        3.02532916666667      -0.169456687402806     
   5.44399250000000        3.32766208333333      -0.164237482056387     
   5.44399250000000        3.62999500000000      -0.158717721825790     
   5.44399250000000        3.93232791666667      -0.153155078539972     
   5.44399250000000        4.23466083333333      -0.147735020488658     
   5.44399250000000        4.53699375000000      -0.142561497337802     
   5.44399250000000        4.83932666666667      -0.137679053127545     
   5.44399250000000        5.14165958333333      -0.133097889856992     
   5.44399250000000        5.44399250000000      -0.128810882210465     
   5.44399250000000        5.74632541666667      -0.124803945195657     
   5.44399250000000        6.04865833333333      -0.121065362889945     
   5.44399250000000        6.35099125000000      -0.117587475194671     
   5.44399250000000        6.65332416666666      -0.114308208151814     
   5.44399250000000        6.95565708333333      -0.111149401757033     
   5.44399250000000        7.25799000000000      -0.108053761036703     
   5.74632541666667       2.000000000000000E-003 -0.168014154902412     
   5.74632541666667       0.304332916666667      -0.168733107339198     
   5.74632541666667       0.606665833333333      -0.170483010075377     
   5.74632541666667       0.908998750000000      -0.172528548523652     
   5.74632541666667        1.21133166666667      -0.174134164957155     
   5.74632541666667        1.51366458333333      -0.174873036556232     
   5.74632541666667        1.81599750000000      -0.174378326335818     
   5.74632541666667        2.11833041666667      -0.172682359587650     
   5.74632541666667        2.42066333333333      -0.170041245807670     
   5.74632541666667        2.72299625000000      -0.166530049787305     
   5.74632541666667        3.02532916666667      -0.162256009889108     
   5.74632541666667        3.32766208333333      -0.157437533429539     
   5.74632541666667        3.62999500000000      -0.152347819855530     
   5.74632541666667        3.93232791666667      -0.147217468681317     
   5.74632541666667        4.23466083333333      -0.142201378832864     
   5.74632541666667        4.53699375000000      -0.137409152765821     
   5.74632541666667        4.83932666666667      -0.132922926384988     
   5.74632541666667        5.14165958333333      -0.128784888848277     
   5.74632541666667        5.44399250000000      -0.124987119087070     
   5.74632541666667        5.74632541666667      -0.121507582394968     
   5.74632541666667        6.04865833333333      -0.118356090340309     
   5.74632541666667        6.35099125000000      -0.115422994832288     
   5.74632541666667        6.65332416666666      -0.112585193135032     
   5.74632541666667        6.95565708333333      -0.109739961334665     
   5.74632541666667        7.25799000000000      -0.106828185681538     
   6.04865833333333       2.000000000000000E-003 -0.164089621395808     
   6.04865833333333       0.304332916666667      -0.164566016754688     
   6.04865833333333       0.606665833333333      -0.165744226904100     
   6.04865833333333       0.908998750000000      -0.167033554914772     
   6.04865833333333        1.21133166666667      -0.167984263963708     
   6.04865833333333        1.51366458333333      -0.168186587596840     
   6.04865833333333        1.81599750000000      -0.167322354234378     
   6.04865833333333        2.11833041666667      -0.165352995228521     
   6.04865833333333        2.42066333333333      -0.162585870206882     
   6.04865833333333        2.72299625000000      -0.159097375533334     
   6.04865833333333        3.02532916666667      -0.154987949022501     
   6.04865833333333        3.32766208333333      -0.150493014823249     
   6.04865833333333        3.62999500000000      -0.145908576754142     
   6.04865833333333        3.93232791666667      -0.141363780430168     
   6.04865833333333        4.23466083333333      -0.136875093924979     
   6.04865833333333        4.53699375000000      -0.132502869660653     
   6.04865833333333        4.83932666666667      -0.128379100688113     
   6.04865833333333        5.14165958333333      -0.124601904920157     
   6.04865833333333        5.44399250000000      -0.121189341517556     
   6.04865833333333        5.74632541666667      -0.118249924874832     
   6.04865833333333        6.04865833333333      -0.115691540108834     
   6.04865833333333        6.35099125000000      -0.113317361646054     
   6.04865833333333        6.65332416666666      -0.110942989939352     
   6.04865833333333        6.95565708333333      -0.108423658680898     
   6.04865833333333        7.25799000000000      -0.105671604431402     
   6.35099125000000       2.000000000000000E-003 -0.166164311310942     
   6.35099125000000       0.304332916666667      -0.165959065714411     
   6.35099125000000       0.606665833333333      -0.165241214841800     
   6.35099125000000       0.908998750000000      -0.164502058679215     
   6.35099125000000        1.21133166666667      -0.163890880655513     
   6.35099125000000        1.51366458333333      -0.162910204457594     
   6.35099125000000        1.81599750000000      -0.161137222254659     
   6.35099125000000        2.11833041666667      -0.158491030747460     
   6.35099125000000        2.42066333333333      -0.155331585374788     
   6.35099125000000        2.72299625000000      -0.151700627522315     
   6.35099125000000        3.02532916666667      -0.147631090163888     
   6.35099125000000        3.32766208333333      -0.143465139989608     
   6.35099125000000        3.62999500000000      -0.139581767701018     
   6.35099125000000        3.93232791666667      -0.135920554174634     
   6.35099125000000        4.23466083333333      -0.132071024802659     
   6.35099125000000        4.53699375000000      -0.128065077402644     
   6.35099125000000        4.83932666666667      -0.124212455990927     
   6.35099125000000        5.14165958333333      -0.120650620737189     
   6.35099125000000        5.44399250000000      -0.117561290551591     
   6.35099125000000        5.74632541666667      -0.115118072220572     
   6.35099125000000        6.04865833333333      -0.113119498880155     
   6.35099125000000        6.35099125000000      -0.111298810473640     
   6.35099125000000        6.65332416666666      -0.109362060589374     
   6.35099125000000        6.95565708333333      -0.107113362866084     
   6.35099125000000        7.25799000000000      -0.104461854457915     
   6.65332416666666       2.000000000000000E-003 -0.165834957443848     
   6.65332416666666       0.304332916666667      -0.165723303324531     
   6.65332416666666       0.606665833333333      -0.163328049124348     
   6.65332416666666       0.908998750000000      -0.160933157209829     
   6.65332416666666        1.21133166666667      -0.159269954044807     
   6.65332416666666        1.51366458333333      -0.157435644002326     
   6.65332416666666        1.81599750000000      -0.154919186925126     
   6.65332416666666        2.11833041666667      -0.151761756994686     
   6.65332416666666        2.42066333333333      -0.148310118812697     
   6.65332416666666        2.72299625000000      -0.144616100269964     
   6.65332416666666        3.02532916666667      -0.140708678686193     
   6.65332416666666        3.32766208333333      -0.136956071458050     
   6.65332416666666        3.62999500000000      -0.134052028822607     
   6.65332416666666        3.93232791666667      -0.131640527095335     
   6.65332416666666        4.23466083333333      -0.128422187415781     
   6.65332416666666        4.53699375000000      -0.124388505068970     
   6.65332416666666        4.83932666666667      -0.120499357073336     
   6.65332416666666        5.14165958333333      -0.116989851739468     
   6.65332416666666        5.44399250000000      -0.114192877928894     
   6.65332416666666        5.74632541666667      -0.112159915154555     
   6.65332416666666        6.04865833333333      -0.110688010526730     
   6.65332416666666        6.35099125000000      -0.109421389485992     
   6.65332416666666        6.65332416666666      -0.107855323766240     
   6.65332416666666        6.95565708333333      -0.105693927156012     
   6.65332416666666        7.25799000000000      -0.103022561291768     
   6.95565708333333       2.000000000000000E-003 -0.151548266551879     
   6.95565708333333       0.304332916666667      -0.157025327701904     
   6.95565708333333       0.606665833333333      -0.155744544282871     
   6.95565708333333       0.908998750000000      -0.154137576248403     
   6.95565708333333        1.21133166666667      -0.153000023692022     
   6.95565708333333        1.51366458333333      -0.151167984640115     
   6.95565708333333        1.81599750000000      -0.148482106970444     
   6.95565708333333        2.11833041666667      -0.145208760037683     
   6.95565708333333        2.42066333333333      -0.141808436598280     
   6.95565708333333        2.72299625000000      -0.138442377208254     
   6.95565708333333        3.02532916666667      -0.135170885620314     
   6.95565708333333        3.32766208333333      -0.132417088457517     
   6.95565708333333        3.62999500000000      -0.130689454773497     
   6.95565708333333        3.93232791666667      -0.129027967646361     
   6.95565708333333        4.23466083333333      -0.125902672948601     
   6.95565708333333        4.53699375000000      -0.121435697659406     
   6.95565708333333        4.83932666666667      -0.117153237288282     
   6.95565708333333        5.14165958333333      -0.113637129174164     
   6.95565708333333        5.44399250000000      -0.111048349034647     
   6.95565708333333        5.74632541666667      -0.109356767745189     
   6.95565708333333        6.04865833333333      -0.108343343823399     
   6.95565708333333        6.35099125000000      -0.107614938047303     
   6.95565708333333        6.65332416666666      -0.106379007997365     
   6.95565708333333        6.95565708333333      -0.103901583355077     
   6.95565708333333        7.25799000000000      -0.101059615787725     
   7.25799000000000       2.000000000000000E-003 -0.143368885874199     
   7.25799000000000       0.304332916666667      -0.146415724563130     
   7.25799000000000       0.606665833333333      -0.146285993983180     
   7.25799000000000       0.908998750000000      -0.146313488748422     
   7.25799000000000        1.21133166666667      -0.145928972903103     
   7.25799000000000        1.51366458333333      -0.144469045925014     
   7.25799000000000        1.81599750000000      -0.142036439255344     
   7.25799000000000        2.11833041666667      -0.139048562244236     
   7.25799000000000        2.42066333333333      -0.136034995440380     
   7.25799000000000        2.72299625000000      -0.133349498921722     
   7.25799000000000        3.02532916666667      -0.131190688087315     
   7.25799000000000        3.32766208333333      -0.129920010434066     
   7.25799000000000        3.62999500000000      -0.128906895966529     
   7.25799000000000        3.93232791666667      -0.126057177381204     
   7.25799000000000        4.23466083333333      -0.122929191979773     
   7.25799000000000        4.53699375000000      -0.118269251007769     
   7.25799000000000        4.83932666666667      -0.113867794199399     
   7.25799000000000        5.14165958333333      -0.110422687400137     
   7.25799000000000        5.44399250000000      -0.108058572984592     
   7.25799000000000        5.74632541666667      -0.106614626911612     
   7.25799000000000        6.04865833333333      -0.105890360285728     
   7.25799000000000        6.35099125000000      -0.105482296392822     
   7.25799000000000        6.65332416666666      -0.104458247686823     
   7.25799000000000        6.95565708333333      -0.101486424424341     
   7.25799000000000        7.25799000000000      -9.884131204799708E-002
