  2.000000000000000E-003  2.000000000000000E-003 -0.353626060636810     
  2.000000000000000E-003  0.304332916666667      -0.384873295805923     
  2.000000000000000E-003  0.606665833333333      -0.406691944728254     
  2.000000000000000E-003  0.908998750000000      -0.409599493495321     
  2.000000000000000E-003   1.21133166666667      -0.403777537233419     
  2.000000000000000E-003   1.51366458333333      -0.394401083753333     
  2.000000000000000E-003   1.81599750000000      -0.383237767259639     
  2.000000000000000E-003   2.11833041666667      -0.371386806491913     
  2.000000000000000E-003   2.42066333333333      -0.360341980429528     
  2.000000000000000E-003   2.72299625000000      -0.349958996595001     
  2.000000000000000E-003   3.02532916666667      -0.340461876317309     
  2.000000000000000E-003   3.32766208333333      -0.333598939886747     
  2.000000000000000E-003   3.62999500000000      -0.320539131934085     
  2.000000000000000E-003   3.93232791666667      -0.301512368123693     
  2.000000000000000E-003   4.23466083333333      -0.276432002988313     
  2.000000000000000E-003   4.53699375000000      -0.245955406015903     
  2.000000000000000E-003   4.83932666666667      -0.218968173124439     
  2.000000000000000E-003   5.14165958333333      -0.198003747246190     
  2.000000000000000E-003   5.44399250000000      -0.183506544303180     
  2.000000000000000E-003   5.74632541666667      -0.174366989196162     
  2.000000000000000E-003   6.04865833333333      -0.169616800914349     
  2.000000000000000E-003   6.35099125000000      -0.167523232127548     
  2.000000000000000E-003   6.65332416666666      -0.164078323248779     
  2.000000000000000E-003   6.95565708333333      -0.153838592346281     
  2.000000000000000E-003   7.25799000000000      -0.146015487994561     
  0.304332916666667       2.000000000000000E-003 -0.384939933270795     
  0.304332916666667       0.304332916666667      -0.422949191528105     
  0.304332916666667       0.606665833333333      -0.444433612235070     
  0.304332916666667       0.908998750000000      -0.450627172327907     
  0.304332916666667        1.21133166666667      -0.447080271144279     
  0.304332916666667        1.51366458333333      -0.438107026677051     
  0.304332916666667        1.81599750000000      -0.425896978113431     
  0.304332916666667        2.11833041666667      -0.411380326158780     
  0.304332916666667        2.42066333333333      -0.396501853435906     
  0.304332916666667        2.72299625000000      -0.380339159444509     
  0.304332916666667        3.02532916666667      -0.360512181305184     
  0.304332916666667        3.32766208333333      -0.341695534247738     
  0.304332916666667        3.62999500000000      -0.330037292449371     
  0.304332916666667        3.93232791666667      -0.314070516047736     
  0.304332916666667        4.23466083333333      -0.287151860100095     
  0.304332916666667        4.53699375000000      -0.256139112459766     
  0.304332916666667        4.83932666666667      -0.228636328049625     
  0.304332916666667        5.14165958333333      -0.206942310565162     
  0.304332916666667        5.44399250000000      -0.191248577497671     
  0.304332916666667        5.74632541666667      -0.180669639750553     
  0.304332916666667        6.04865833333333      -0.174121703091092     
  0.304332916666667        6.35099125000000      -0.169950087019580     
  0.304332916666667        6.65332416666666      -0.165074893941295     
  0.304332916666667        6.95565708333333      -0.157509118729774     
  0.304332916666667        7.25799000000000      -0.150040040938710     
  0.606665833333333       2.000000000000000E-003 -0.406827619821108     
  0.606665833333333       0.304332916666667      -0.444616778762360     
  0.606665833333333       0.606665833333333      -0.470701747195535     
  0.606665833333333       0.908998750000000      -0.483819454438328     
  0.606665833333333        1.21133166666667      -0.485698697202264     
  0.606665833333333        1.51366458333333      -0.479868964818209     
  0.606665833333333        1.81599750000000      -0.468118004375779     
  0.606665833333333        2.11833041666667      -0.451874601307000     
  0.606665833333333        2.42066333333333      -0.433593138847174     
  0.606665833333333        2.72299625000000      -0.413941618536579     
  0.606665833333333        3.02532916666667      -0.388151044068336     
  0.606665833333333        3.32766208333333      -0.360283073352038     
  0.606665833333333        3.62999500000000      -0.336928409421024     
  0.606665833333333        3.93232791666667      -0.315072248602817     
  0.606665833333333        4.23466083333333      -0.288533071434435     
  0.606665833333333        4.53699375000000      -0.260107100976842     
  0.606665833333333        4.83932666666667      -0.234863956558722     
  0.606665833333333        5.14165958333333      -0.213957230111205     
  0.606665833333333        5.44399250000000      -0.197785429209296     
  0.606665833333333        5.74632541666667      -0.186035553761737     
  0.606665833333333        6.04865833333333      -0.177786564926414     
  0.606665833333333        6.35099125000000      -0.171665876588064     
  0.606665833333333        6.65332416666666      -0.165984890009090     
  0.606665833333333        6.95565708333333      -0.159994556647626     
  0.606665833333333        7.25799000000000      -0.152758607151535     
  0.908998750000000       2.000000000000000E-003 -0.409735006763586     
  0.908998750000000       0.304332916666667      -0.450830118193596     
  0.908998750000000       0.606665833333333      -0.483931373736677     
  0.908998750000000       0.908998750000000      -0.505321748833621     
  0.908998750000000        1.21133166666667      -0.514922435604047     
  0.908998750000000        1.51366458333333      -0.514249987684539     
  0.908998750000000        1.81599750000000      -0.504762393427688     
  0.908998750000000        2.11833041666667      -0.487441543598321     
  0.908998750000000        2.42066333333333      -0.467844762115215     
  0.908998750000000        2.72299625000000      -0.444666635614387     
  0.908998750000000        3.02532916666667      -0.415554185784932     
  0.908998750000000        3.32766208333333      -0.382072389535847     
  0.908998750000000        3.62999500000000      -0.349272597325800     
  0.908998750000000        3.93232791666667      -0.318853424038043     
  0.908998750000000        4.23466083333333      -0.289755318075699     
  0.908998750000000        4.53699375000000      -0.262805612689839     
  0.908998750000000        4.83932666666667      -0.239504433504659     
  0.908998750000000        5.14165958333333      -0.219626104832548     
  0.908998750000000        5.44399250000000      -0.203208350354831     
  0.908998750000000        5.74632541666667      -0.190670135930776     
  0.908998750000000        6.04865833333333      -0.181220346503472     
  0.908998750000000        6.35099125000000      -0.173882426985571     
  0.908998750000000        6.65332416666666      -0.167604475183367     
  0.908998750000000        6.95565708333333      -0.161448535154033     
  0.908998750000000        7.25799000000000      -0.154069441709008     
   1.21133166666667       2.000000000000000E-003 -0.403890214243033     
   1.21133166666667       0.304332916666667      -0.447239950579953     
   1.21133166666667       0.606665833333333      -0.485823586443721     
   1.21133166666667       0.908998750000000      -0.514976349667991     
   1.21133166666667        1.21133166666667      -0.532231480544270     
   1.21133166666667        1.51366458333333      -0.537313288737700     
   1.21133166666667        1.81599750000000      -0.530103158489933     
   1.21133166666667        2.11833041666667      -0.514505315078815     
   1.21133166666667        2.42066333333333      -0.494817197624943     
   1.21133166666667        2.72299625000000      -0.467826920472126     
   1.21133166666667        3.02532916666667      -0.434112426980894     
   1.21133166666667        3.32766208333333      -0.396706442825773     
   1.21133166666667        3.62999500000000      -0.358941223429949     
   1.21133166666667        3.93232791666667      -0.323784981502376     
   1.21133166666667        4.23466083333333      -0.292691714063139     
   1.21133166666667        4.53699375000000      -0.266098507628264     
   1.21133166666667        4.83932666666667      -0.243494082992899     
   1.21133166666667        5.14165958333333      -0.224203108401566     
   1.21133166666667        5.44399250000000      -0.207816687396368     
   1.21133166666667        5.74632541666667      -0.194672337762422     
   1.21133166666667        6.04865833333333      -0.184374149398384     
   1.21133166666667        6.35099125000000      -0.176114335411131     
   1.21133166666667        6.65332416666666      -0.169021107696531     
   1.21133166666667        6.95565708333333      -0.162138363063740     
   1.21133166666667        7.25799000000000      -0.154499759402828     
   1.51366458333333       2.000000000000000E-003 -0.394495378809126     
   1.51366458333333       0.304332916666667      -0.438226780103670     
   1.51366458333333       0.606665833333333      -0.479975418977636     
   1.51366458333333       0.908998750000000      -0.514316739799069     
   1.51366458333333        1.21133166666667      -0.537340432206452     
   1.51366458333333        1.51366458333333      -0.546272520918188     
   1.51366458333333        1.81599750000000      -0.541886872248552     
   1.51366458333333        2.11833041666667      -0.530536673237855     
   1.51366458333333        2.42066333333333      -0.510346780525661     
   1.51366458333333        2.72299625000000      -0.480437465474950     
   1.51366458333333        3.02532916666667      -0.443136913895713     
   1.51366458333333        3.32766208333333      -0.402557556117116     
   1.51366458333333        3.62999500000000      -0.362787089807793     
   1.51366458333333        3.93232791666667      -0.326676768838104     
   1.51366458333333        4.23466083333333      -0.295472134792253     
   1.51366458333333        4.53699375000000      -0.269088327866509     
   1.51366458333333        4.83932666666667      -0.246781488179475     
   1.51366458333333        5.14165958333333      -0.227781744823667     
   1.51366458333333        5.44399250000000      -0.211587705332491     
   1.51366458333333        5.74632541666667      -0.198010306648054     
   1.51366458333333        6.04865833333333      -0.186980807792099     
   1.51366458333333        6.35099125000000      -0.177845259902633     
   1.51366458333333        6.65332416666666      -0.169836630955436     
   1.51366458333333        6.95565708333333      -0.162185109772759     
   1.51366458333333        7.25799000000000      -0.154312947994317     
   1.81599750000000       2.000000000000000E-003 -0.383324585334660     
   1.81599750000000       0.304332916666667      -0.425995745965059     
   1.81599750000000       0.606665833333333      -0.468208420913511     
   1.81599750000000       0.908998750000000      -0.504828452035271     
   1.81599750000000        1.21133166666667      -0.530140823434575     
   1.81599750000000        1.51366458333333      -0.541901442096266     
   1.81599750000000        1.81599750000000      -0.543293815609897     
   1.81599750000000        2.11833041666667      -0.533505281045257     
   1.81599750000000        2.42066333333333      -0.511817263074532     
   1.81599750000000        2.72299625000000      -0.479836475292802     
   1.81599750000000        3.02532916666667      -0.441256213854561     
   1.81599750000000        3.32766208333333      -0.400550395326783     
   1.81599750000000        3.62999500000000      -0.361541355235825     
   1.81599750000000        3.93232791666667      -0.326557391715855     
   1.81599750000000        4.23466083333333      -0.296376792581135     
   1.81599750000000        4.53699375000000      -0.270718904926556     
   1.81599750000000        4.83932666666667      -0.248882194766238     
   1.81599750000000        5.14165958333333      -0.230197791550011     
   1.81599750000000        5.44399250000000      -0.214183917104210     
   1.81599750000000        5.74632541666667      -0.200497361758190     
   1.81599750000000        6.04865833333333      -0.188847337508705     
   1.81599750000000        6.35099125000000      -0.178875064068162     
   1.81599750000000        6.65332416666666      -0.170003094525453     
   1.81599750000000        6.95565708333333      -0.161715579175064     
   1.81599750000000        7.25799000000000      -0.153664819927591     
   2.11833041666667       2.000000000000000E-003 -0.371476799965564     
   2.11833041666667       0.304332916666667      -0.411475640785143     
   2.11833041666667       0.606665833333333      -0.451959702655840     
   2.11833041666667       0.908998750000000      -0.487505104396777     
   2.11833041666667        1.21133166666667      -0.514545382508523     
   2.11833041666667        1.51366458333333      -0.530557286645158     
   2.11833041666667        1.81599750000000      -0.533512484057183     
   2.11833041666667        2.11833041666667      -0.522613460424438     
   2.11833041666667        2.42066333333333      -0.499114804524078     
   2.11833041666667        2.72299625000000      -0.466333172414385     
   2.11833041666667        3.02532916666667      -0.428701876581675     
   2.11833041666667        3.32766208333333      -0.390438542880155     
   2.11833041666667        3.62999500000000      -0.354535277059770     
   2.11833041666667        3.93232791666667      -0.322458352843684     
   2.11833041666667        4.23466083333333      -0.294477461982270     
   2.11833041666667        4.53699375000000      -0.270250011877369     
   2.11833041666667        4.83932666666667      -0.249290012597191     
   2.11833041666667        5.14165958333333      -0.231162600096071     
   2.11833041666667        5.44399250000000      -0.215475411738859     
   2.11833041666667        5.74632541666667      -0.201831631711957     
   2.11833041666667        6.04865833333333      -0.189844244919274     
   2.11833041666667        6.35099125000000      -0.179186394897470     
   2.11833041666667        6.65332416666666      -0.169597504791081     
   2.11833041666667        6.95565708333333      -0.160845744480898     
   2.11833041666667        7.25799000000000      -0.152743521842796     
   2.42066333333333       2.000000000000000E-003 -0.360448214871869     
   2.42066333333333       0.304332916666667      -0.396612047790963     
   2.42066333333333       0.606665833333333      -0.433683938256146     
   2.42066333333333       0.908998750000000      -0.467908258490871     
   2.42066333333333        1.21133166666667      -0.494856046400387     
   2.42066333333333        1.51366458333333      -0.510366942843002     
   2.42066333333333        1.81599750000000      -0.511825024416387     
   2.42066333333333        2.11833041666667      -0.499116024442797     
   2.42066333333333        2.42066333333333      -0.474746211156721     
   2.42066333333333        2.72299625000000      -0.442966101366628     
   2.42066333333333        3.02532916666667      -0.408317868300657     
   2.42066333333333        3.32766208333333      -0.374338266467337     
   2.42066333333333        3.62999500000000      -0.342979587767869     
   2.42066333333333        3.93232791666667      -0.314825017956944     
   2.42066333333333        4.23466083333333      -0.289734074384262     
   2.42066333333333        4.53699375000000      -0.267427527596564     
   2.42066333333333        4.83932666666667      -0.247723284459988     
   2.42066333333333        5.14165958333333      -0.230460064047759     
   2.42066333333333        5.44399250000000      -0.215349337693009     
   2.42066333333333        5.74632541666667      -0.201962982615504     
   2.42066333333333        6.04865833333333      -0.189876621831863     
   2.42066333333333        6.35099125000000      -0.178830484134345     
   2.42066333333333        6.65332416666666      -0.168770745332497     
   2.42066333333333        6.95565708333333      -0.159767915673189     
   2.42066333333333        7.25799000000000      -0.151850470508599     
   2.72299625000000       2.000000000000000E-003 -0.350088222287604     
   2.72299625000000       0.304332916666667      -0.380477568272719     
   2.72299625000000       0.606665833333333      -0.414047955982792     
   2.72299625000000       0.908998750000000      -0.444729601764584     
   2.72299625000000        1.21133166666667      -0.467858308810366     
   2.72299625000000        1.51366458333333      -0.480449949756718     
   2.72299625000000        1.81599750000000      -0.479838157582955     
   2.72299625000000        2.11833041666667      -0.466329946157771     
   2.72299625000000        2.42066333333333      -0.442962635115840     
   2.72299625000000        2.72299625000000      -0.414154145711592     
   2.72299625000000        3.02532916666667      -0.384028227370786     
   2.72299625000000        3.32766208333333      -0.355255826071411     
   2.72299625000000        3.62999500000000      -0.328850349128655     
   2.72299625000000        3.93232791666667      -0.304752318797138     
   2.72299625000000        4.23466083333333      -0.282637638741380     
   2.72299625000000        4.53699375000000      -0.262410267728701     
   2.72299625000000        4.83932666666667      -0.244198300915816     
   2.72299625000000        5.14165958333333      -0.228062271196770     
   2.72299625000000        5.44399250000000      -0.213773538945895     
   2.72299625000000        5.74632541666667      -0.200869964064816     
   2.72299625000000        6.04865833333333      -0.188916485167519     
   2.72299625000000        6.35099125000000      -0.177731294333869     
   2.72299625000000        6.65332416666666      -0.167477518042468     
   2.72299625000000        6.95565708333333      -0.158709350670891     
   2.72299625000000        7.25799000000000      -0.151459618741928     
   3.02532916666667       2.000000000000000E-003 -0.340594603007454     
   3.02532916666667       0.304332916666667      -0.360659618110459     
   3.02532916666667       0.606665833333333      -0.388249166981581     
   3.02532916666667       0.908998750000000      -0.415600218555436     
   3.02532916666667        1.21133166666667      -0.434125071790436     
   3.02532916666667        1.51366458333333      -0.443133453551046     
   3.02532916666667        1.81599750000000      -0.441245553304141     
   3.02532916666667        2.11833041666667      -0.428689353651292     
   3.02532916666667        2.42066333333333      -0.408307224253811     
   3.02532916666667        2.72299625000000      -0.384022084826327     
   3.02532916666667        3.02532916666667      -0.359190310537780     
   3.02532916666667        3.32766208333333      -0.335651055868609     
   3.02532916666667        3.62999500000000      -0.313782087322361     
   3.02532916666667        3.93232791666667      -0.293248475357829     
   3.02532916666667        4.23466083333333      -0.273796377589068     
   3.02532916666667        4.53699375000000      -0.255582445301932     
   3.02532916666667        4.83932666666667      -0.238972678766787     
   3.02532916666667        5.14165958333333      -0.224136303709262     
   3.02532916666667        5.44399250000000      -0.210835651235853     
   3.02532916666667        5.74632541666667      -0.198572057468746     
   3.02532916666667        6.04865833333333      -0.186923540436466     
   3.02532916666667        6.35099125000000      -0.175763639850342     
   3.02532916666667        6.65332416666666      -0.165564914839720     
   3.02532916666667        6.95565708333333      -0.157472466034755     
   3.02532916666667        7.25799000000000      -0.151461680726596     
   3.32766208333333       2.000000000000000E-003 -0.333676238218711     
   3.32766208333333       0.304332916666667      -0.341781391868925     
   3.32766208333333       0.606665833333333      -0.360316578892155     
   3.32766208333333       0.908998750000000      -0.382068934357989     
   3.32766208333333        1.21133166666667      -0.396685999970478     
   3.32766208333333        1.51366458333333      -0.402531168143999     
   3.32766208333333        1.81599750000000      -0.400523042537682     
   3.32766208333333        2.11833041666667      -0.390413665776698     
   3.32766208333333        2.42066333333333      -0.374318271915335     
   3.32766208333333        2.72299625000000      -0.355242126909359     
   3.32766208333333        3.02532916666667      -0.335644236424384     
   3.32766208333333        3.32766208333333      -0.316714835415398     
   3.32766208333333        3.62999500000000      -0.298554765749136     
   3.32766208333333        3.93232791666667      -0.280890504628159     
   3.32766208333333        4.23466083333333      -0.263709720045980     
   3.32766208333333        4.53699375000000      -0.247402205179616     
   3.32766208333333        4.83932666666667      -0.232441321846049     
   3.32766208333333        5.14165958333333      -0.218978246578221     
   3.32766208333333        5.44399250000000      -0.206717219369781     
   3.32766208333333        5.74632541666667      -0.195150228099764     
   3.32766208333333        6.04865833333333      -0.183905946813960     
   3.32766208333333        6.35099125000000      -0.172926573356814     
   3.32766208333333        6.65332416666666      -0.162954565155113     
   3.32766208333333        6.95565708333333      -0.155821313559004     
   3.32766208333333        7.25799000000000      -0.151319700548839     
   3.62999500000000       2.000000000000000E-003 -0.320532323274338     
   3.62999500000000       0.304332916666667      -0.329994168448284     
   3.62999500000000       0.606665833333333      -0.336862060362738     
   3.62999500000000       0.908998750000000      -0.349205764348338     
   3.62999500000000        1.21133166666667      -0.358882527879238     
   3.62999500000000        1.51366458333333      -0.362736435923195     
   3.62999500000000        1.81599750000000      -0.361496761731672     
   3.62999500000000        2.11833041666667      -0.354497738744398     
   3.62999500000000        2.42066333333333      -0.342950098609496     
   3.62999500000000        2.72299625000000      -0.328829135222092     
   3.62999500000000        3.02532916666667      -0.313768733454945     
   3.62999500000000        3.32766208333333      -0.298548526867476     
   3.62999500000000        3.62999500000000      -0.283277244961060     
   3.62999500000000        3.93232791666667      -0.267936509393068     
   3.62999500000000        4.23466083333333      -0.252785826650643     
   3.62999500000000        4.53699375000000      -0.238342574745498     
   3.62999500000000        4.83932666666667      -0.225041684355926     
   3.62999500000000        5.14165958333333      -0.212925274813196     
   3.62999500000000        5.44399250000000      -0.201642229507607     
   3.62999500000000        5.74632541666667      -0.190744632111707     
   3.62999500000000        6.04865833333333      -0.179992889488097     
   3.62999500000000        6.35099125000000      -0.169548295584892     
   3.62999500000000        6.65332416666666      -0.160355011707870     
   3.62999500000000        6.95565708333333      -0.154359118509242     
   3.62999500000000        7.25799000000000      -0.150600050601090     
   3.93232791666667       2.000000000000000E-003 -0.301542199265136     
   3.93232791666667       0.304332916666667      -0.314005538076778     
   3.93232791666667       0.606665833333333      -0.314965045652015     
   3.93232791666667       0.908998750000000      -0.318751648694334     
   3.93232791666667        1.21133166666667      -0.323701653022036     
   3.93232791666667        1.51366458333333      -0.326608276935403     
   3.93232791666667        1.81599750000000      -0.326499398924925     
   3.93232791666667        2.11833041666667      -0.322410780380270     
   3.93232791666667        2.42066333333333      -0.314787923571444     
   3.93232791666667        2.72299625000000      -0.304724992749316     
   3.93232791666667        3.02532916666667      -0.293229697056628     
   3.93232791666667        3.32766208333333      -0.280878999749928     
   3.93232791666667        3.62999500000000      -0.267931196229321     
   3.93232791666667        3.93232791666667      -0.254644238449077     
   3.93232791666667        4.23466083333333      -0.241456185398396     
   3.93232791666667        4.53699375000000      -0.228869650977073     
   3.93232791666667        4.83932666666667      -0.217173151171006     
   3.93232791666667        5.14165958333333      -0.206276850065431     
   3.93232791666667        5.44399250000000      -0.195830091407352     
   3.93232791666667        5.74632541666667      -0.185534419498115     
   3.93232791666667        6.04865833333333      -0.175379774345230     
   3.93232791666667        6.35099125000000      -0.165812968384203     
   3.93232791666667        6.65332416666666      -0.157909029990428     
   3.93232791666667        6.95565708333333      -0.152712573147009     
   3.93232791666667        7.25799000000000      -0.147991828305148     
   4.23466083333333       2.000000000000000E-003 -0.276480651253896     
   4.23466083333333       0.304332916666667      -0.287121899668083     
   4.23466083333333       0.606665833333333      -0.288445957818091     
   4.23466083333333       0.908998750000000      -0.289656647876191     
   4.23466083333333        1.21133166666667      -0.292604117725471     
   4.23466083333333        1.51366458333333      -0.295396132640843     
   4.23466083333333        1.81599750000000      -0.296311999395483     
   4.23466083333333        2.11833041666667      -0.294424464195228     
   4.23466083333333        2.42066333333333      -0.289692622204928     
   4.23466083333333        2.72299625000000      -0.282606454173234     
   4.23466083333333        3.02532916666667      -0.273773742419932     
   4.23466083333333        3.32766208333333      -0.263694091650464     
   4.23466083333333        3.62999500000000      -0.252776100876841     
   4.23466083333333        3.93232791666667      -0.241451617086236     
   4.23466083333333        4.23466083333333      -0.230193709019178     
   4.23466083333333        4.53699375000000      -0.219379313592942     
   4.23466083333333        4.83932666666667      -0.209119714019643     
   4.23466083333333        5.14165958333333      -0.199239984468599     
   4.23466083333333        5.44399250000000      -0.189469624230654     
   4.23466083333333        5.74632541666667      -0.179717598576567     
   4.23466083333333        6.04865833333333      -0.170217367188537     
   4.23466083333333        6.35099125000000      -0.161515713208771     
   4.23466083333333        6.65332416666666      -0.154528708776687     
   4.23466083333333        6.95565708333333      -0.149500693949949     
   4.23466083333333        7.25799000000000      -0.144647643507718     
   4.53699375000000       2.000000000000000E-003 -0.245987013094084     
   4.53699375000000       0.304332916666667      -0.256120621229470     
   4.53699375000000       0.606665833333333      -0.260043298142251     
   4.53699375000000       0.908998750000000      -0.262724014825597     
   4.53699375000000        1.21133166666667      -0.266017129217948     
   4.53699375000000        1.51366458333333      -0.269013478029010     
   4.53699375000000        1.81599750000000      -0.270653977419796     
   4.53699375000000        2.11833041666667      -0.270196525311248     
   4.53699375000000        2.42066333333333      -0.267385186862133     
   4.53699375000000        2.72299625000000      -0.262377536416763     
   4.53699375000000        3.02532916666667      -0.255557452624098     
   4.53699375000000        3.32766208333333      -0.247383459740827     
   4.53699375000000        3.62999500000000      -0.238329188801898     
   4.53699375000000        3.93232791666667      -0.228861149017083     
   4.53699375000000        4.23466083333333      -0.219375310607802     
   4.53699375000000        4.53699375000000      -0.210091657715412     
   4.53699375000000        4.83932666666667      -0.200995333885642     
   4.53699375000000        5.14165958333333      -0.191914325838754     
   4.53699375000000        5.44399250000000      -0.182720653648300     
   4.53699375000000        5.74632541666667      -0.173523340394541     
   4.53699375000000        6.04865833333333      -0.164702913079507     
   4.53699375000000        6.35099125000000      -0.156754894446163     
   4.53699375000000        6.65332416666666      -0.150150642761652     
   4.53699375000000        6.95565708333333      -0.144856273328204     
   4.53699375000000        7.25799000000000      -0.139728024896784     
   4.83932666666667       2.000000000000000E-003 -0.218969694414421     
   4.83932666666667       0.304332916666667      -0.228608397791725     
   4.83932666666667       0.606665833333333      -0.234808337925817     
   4.83932666666667       0.908998750000000      -0.239434299941271     
   4.83932666666667        1.21133166666667      -0.243420937937406     
   4.83932666666667        1.51366458333333      -0.246712695084650     
   4.83932666666667        1.81599750000000      -0.248821910352906     
   4.83932666666667        2.11833041666667      -0.249239796392043     
   4.83932666666667        2.42066333333333      -0.247682656119561     
   4.83932666666667        2.72299625000000      -0.244165650178881     
   4.83932666666667        3.02532916666667      -0.238946292001597     
   4.83932666666667        3.32766208333333      -0.232420067463640     
   4.83932666666667        3.62999500000000      -0.225025124548385     
   4.83932666666667        3.93232791666667      -0.217161212974463     
   4.83932666666667        4.23466083333333      -0.209112264555554     
   4.83932666666667        4.53699375000000      -0.200991949393298     
   4.83932666666667        4.83932666666667      -0.192759563033742     
   4.83932666666667        5.14165958333333      -0.184330443280639     
   4.83932666666667        5.44399250000000      -0.175733554958899     
   4.83932666666667        5.74632541666667      -0.167208972337608     
   4.83932666666667        6.04865833333333      -0.159157969690796     
   4.83932666666667        6.35099125000000      -0.151957963003881     
   4.83932666666667        6.65332416666666      -0.145749942479295     
   4.83932666666667        6.95565708333333      -0.140308435353826     
   4.83932666666667        7.25799000000000      -0.135087685896311     
   5.14165958333333       2.000000000000000E-003 -0.197976771798612     
   5.14165958333333       0.304332916666667      -0.206897330010221     
   5.14165958333333       0.606665833333333      -0.213897572685342     
   5.14165958333333       0.908998750000000      -0.219559708242647     
   5.14165958333333        1.21133166666667      -0.224137017330562     
   5.14165958333333        1.51366458333333      -0.227720725854585     
   5.14165958333333        1.81599750000000      -0.230144425282549     
   5.14165958333333        2.11833041666667      -0.231117488360162     
   5.14165958333333        2.42066333333333      -0.230422294593454     
   5.14165958333333        2.72299625000000      -0.228030266611218     
   5.14165958333333        3.02532916666667      -0.224108741753916     
   5.14165958333333        3.32766208333333      -0.218954594522680     
   5.14165958333333        3.62999500000000      -0.212905723272188     
   5.14165958333333        3.93232791666667      -0.206261818059512     
   5.14165958333333        4.23466083333333      -0.199229599690213     
   5.14165958333333        4.53699375000000      -0.191908204591958     
   5.14165958333333        4.83932666666667      -0.184327814848499     
   5.14165958333333        5.14165958333333      -0.176533682404589     
   5.14165958333333        5.44399250000000      -0.168671238408965     
   5.14165958333333        5.74632541666667      -0.161007613631159     
   5.14165958333333        6.04865833333333      -0.153853607885182     
   5.14165958333333        6.35099125000000      -0.147419931402574     
   5.14165958333333        6.65332416666666      -0.141706121446674     
   5.14165958333333        6.95565708333333      -0.136514596779041     
   5.14165958333333        7.25799000000000      -0.131462777973312     
   5.44399250000000       2.000000000000000E-003 -0.183461729668150     
   5.44399250000000       0.304332916666667      -0.191188751104363     
   5.44399250000000       0.606665833333333      -0.197717951807244     
   5.44399250000000       0.908998750000000      -0.203141427033902     
   5.44399250000000        1.21133166666667      -0.207755755696662     
   5.44399250000000        1.51366458333333      -0.211534319935685     
   5.44399250000000        1.81599750000000      -0.214137701218810     
   5.44399250000000        2.11833041666667      -0.215435440413260     
   5.44399250000000        2.42066333333333      -0.215314186954049     
   5.44399250000000        2.72299625000000      -0.213741761485437     
   5.44399250000000        3.02532916666667      -0.210806454708032     
   5.44399250000000        3.32766208333333      -0.206690818058528     
   5.44399250000000        3.62999500000000      -0.201619578176393     
   5.44399250000000        3.93232791666667      -0.195812161426686     
   5.44399250000000        4.23466083333333      -0.189456754157322     
   5.44399250000000        4.53699375000000      -0.182712395614155     
   5.44399250000000        4.83932666666667      -0.175728966865286     
   5.44399250000000        5.14165958333333      -0.168669313385177     
   5.44399250000000        5.44399250000000      -0.161720117224193     
   5.44399250000000        5.74632541666667      -0.155074559028884     
   5.44399250000000        6.04865833333333      -0.148892095087563     
   5.44399250000000        6.35099125000000      -0.143304436888282     
   5.44399250000000        6.65332416666666      -0.138266665099171     
   5.44399250000000        6.95565708333333      -0.133522381759313     
   5.44399250000000        7.25799000000000      -0.128811054162950     
   5.74632541666667       2.000000000000000E-003 -0.174316232772148     
   5.74632541666667       0.304332916666667      -0.180601802792509     
   5.74632541666667       0.606665833333333      -0.185963212164975     
   5.74632541666667       0.908998750000000      -0.190604254827956     
   5.74632541666667        1.21133166666667      -0.194616894239069     
   5.74632541666667        1.51366458333333      -0.197964241820577     
   5.74632541666667        1.81599750000000      -0.200457549603310     
   5.74632541666667        2.11833041666667      -0.201795746602337     
   5.74632541666667        2.42066333333333      -0.201929350580377     
   5.74632541666667        2.72299625000000      -0.200837361482915     
   5.74632541666667        3.02532916666667      -0.198540207875430     
   5.74632541666667        3.32766208333333      -0.195120170706812     
   5.74632541666667        3.62999500000000      -0.190718343212513     
   5.74632541666667        3.93232791666667      -0.185513602163350     
   5.74632541666667        4.23466083333333      -0.179702668508967     
   5.74632541666667        4.53699375000000      -0.173513513845704     
   5.74632541666667        4.83932666666667      -0.167202961513472     
   5.74632541666667        5.14165958333333      -0.161004205475339     
   5.74632541666667        5.44399250000000      -0.155072948984616     
   5.74632541666667        5.74632541666667      -0.149487838516417     
   5.74632541666667        6.04865833333333      -0.144361065026959     
   5.74632541666667        6.35099125000000      -0.139718118586544     
   5.74632541666667        6.65332416666666      -0.135429824269384     
   5.74632541666667        6.95565708333333      -0.131245049966825     
   5.74632541666667        7.25799000000000      -0.126916707603805     
   6.04865833333333       2.000000000000000E-003 -0.169576801907027     
   6.04865833333333       0.304332916666667      -0.174056548506019     
   6.04865833333333       0.606665833333333      -0.177717149600768     
   6.04865833333333       0.908998750000000      -0.181160851126985     
   6.04865833333333        1.21133166666667      -0.184326753925946     
   6.04865833333333        1.51366458333333      -0.186942134680708     
   6.04865833333333        1.81599750000000      -0.188813030798117     
   6.04865833333333        2.11833041666667      -0.189811053055063     
   6.04865833333333        2.42066333333333      -0.189843175992354     
   6.04865833333333        2.72299625000000      -0.188881718608923     
   6.04865833333333        3.02532916666667      -0.186887259082463     
   6.04865833333333        3.32766208333333      -0.183869980337748     
   6.04865833333333        3.62999500000000      -0.179961284981160     
   6.04865833333333        3.93232791666667      -0.175355729951964     
   6.04865833333333        4.23466083333333      -0.170200963530062     
   6.04865833333333        4.53699375000000      -0.164692213552102     
   6.04865833333333        4.83932666666667      -0.159151022073229     
   6.04865833333333        5.14165958333333      -0.153848963919526     
   6.04865833333333        5.44399250000000      -0.148888805934457     
   6.04865833333333        5.74632541666667      -0.144358844654254     
   6.04865833333333        6.04865833333333      -0.140273982106330     
   6.04865833333333        6.35099125000000      -0.136562632497513     
   6.04865833333333        6.65332416666666      -0.133066746248259     
   6.04865833333333        6.95565708333333      -0.129510249042128     
   6.04865833333333        7.25799000000000      -0.125579603420147     
   6.35099125000000       2.000000000000000E-003 -0.167509900354975     
   6.35099125000000       0.304332916666667      -0.169898469418059     
   6.35099125000000       0.606665833333333      -0.171609384720654     
   6.35099125000000       0.908998750000000      -0.173836122070288     
   6.35099125000000        1.21133166666667      -0.176077120852179     
   6.35099125000000        1.51366458333333      -0.177813039135024     
   6.35099125000000        1.81599750000000      -0.178844334201599     
   6.35099125000000        2.11833041666667      -0.179154477827972     
   6.35099125000000        2.42066333333333      -0.178796175480704     
   6.35099125000000        2.72299625000000      -0.177693072143013     
   6.35099125000000        3.02532916666667      -0.175720605897272     
   6.35099125000000        3.32766208333333      -0.172882348208171     
   6.35099125000000        3.62999500000000      -0.169510397357279     
   6.35099125000000        3.93232791666667      -0.165786473104858     
   6.35099125000000        4.23466083333333      -0.161499347252190     
   6.35099125000000        4.53699375000000      -0.156744499271571     
   6.35099125000000        4.83932666666667      -0.151950625761043     
   6.35099125000000        5.14165958333333      -0.147414283704813     
   6.35099125000000        5.44399250000000      -0.143299315285642     
   6.35099125000000        5.74632541666667      -0.139712761595586     
   6.35099125000000        6.04865833333333      -0.136557999014684     
   6.35099125000000        6.35099125000000      -0.133706237326427     
   6.35099125000000        6.65332416666666      -0.130955765148333     
   6.35099125000000        6.95565708333333      -0.128015400416994     
   6.35099125000000        7.25799000000000      -0.124444432798913     
   6.65332416666666       2.000000000000000E-003 -0.164084292782745     
   6.65332416666666       0.304332916666667      -0.165037075942937     
   6.65332416666666       0.606665833333333      -0.165948231400345     
   6.65332416666666       0.908998750000000      -0.167572918848889     
   6.65332416666666        1.21133166666667      -0.168991268128669     
   6.65332416666666        1.51366458333333      -0.169807058541198     
   6.65332416666666        1.81599750000000      -0.169972755251603     
   6.65332416666666        2.11833041666667      -0.169565324162461     
   6.65332416666666        2.42066333333333      -0.168735342812093     
   6.65332416666666        2.72299625000000      -0.167436493039799     
   6.65332416666666        3.02532916666667      -0.165517005022858     
   6.65332416666666        3.32766208333333      -0.162904103806742     
   6.65332416666666        3.62999500000000      -0.160313942880228     
   6.65332416666666        3.93232791666667      -0.157884083918606     
   6.65332416666666        4.23466083333333      -0.154514970325860     
   6.65332416666666        4.53699375000000      -0.150141777670387     
   6.65332416666666        4.83932666666667      -0.145742676143470     
   6.65332416666666        5.14165958333333      -0.141699825465957     
   6.65332416666666        5.44399250000000      -0.138260257906096     
   6.65332416666666        5.74632541666667      -0.135421780940083     
   6.65332416666666        6.04865833333333      -0.133056356856896     
   6.65332416666666        6.35099125000000      -0.130945719233846     
   6.65332416666666        6.65332416666666      -0.128732219968231     
   6.65332416666666        6.95565708333333      -0.126099262023962     
   6.65332416666666        7.25799000000000      -0.122705269503614     
   6.95565708333333       2.000000000000000E-003 -0.153819164909011     
   6.95565708333333       0.304332916666667      -0.157476965002466     
   6.95565708333333       0.606665833333333      -0.159967922744491     
   6.95565708333333       0.908998750000000      -0.161418221065733     
   6.95565708333333        1.21133166666667      -0.162105684343007     
   6.95565708333333        1.51366458333333      -0.162151874626341     
   6.95565708333333        1.81599750000000      -0.161682262017814     
   6.95565708333333        2.11833041666667      -0.160812004230197     
   6.95565708333333        2.42066333333333      -0.159732523953407     
   6.95565708333333        2.72299625000000      -0.158670111300074     
   6.95565708333333        3.02532916666667      -0.157427908537147     
   6.95565708333333        3.32766208333333      -0.155775036883355     
   6.95565708333333        3.62999500000000      -0.154324670019506     
   6.95565708333333        3.93232791666667      -0.152694130584347     
   6.95565708333333        4.23466083333333      -0.149489904255157     
   6.95565708333333        4.53699375000000      -0.144847890181161     
   6.95565708333333        4.83932666666667      -0.140300860341330     
   6.95565708333333        5.14165958333333      -0.136507992343603     
   6.95565708333333        5.44399250000000      -0.133516244802860     
   6.95565708333333        5.74632541666667      -0.131237545681149     
   6.95565708333333        6.04865833333333      -0.129498796643880     
   6.95565708333333        6.35099125000000      -0.127998562197743     
   6.95565708333333        6.65332416666666      -0.126082625906159     
   6.95565708333333        6.95565708333333      -0.122952954629778     
   6.95565708333333        7.25799000000000      -0.119110502133945     
   7.25799000000000       2.000000000000000E-003 -0.145985846877104     
   7.25799000000000       0.304332916666667      -0.150006393836625     
   7.25799000000000       0.606665833333333      -0.152716365362143     
   7.25799000000000       0.908998750000000      -0.154024728544499     
   7.25799000000000        1.21133166666667      -0.154456724823705     
   7.25799000000000        1.51366458333333      -0.154272669922808     
   7.25799000000000        1.81599750000000      -0.153627197408204     
   7.25799000000000        2.11833041666667      -0.152708179662017     
   7.25799000000000        2.42066333333333      -0.151816874837309     
   7.25799000000000        2.72299625000000      -0.151427028248536     
   7.25799000000000        3.02532916666667      -0.151430417505392     
   7.25799000000000        3.32766208333333      -0.151291639726179     
   7.25799000000000        3.62999500000000      -0.150576338411814     
   7.25799000000000        3.93232791666667      -0.147973165381610     
   7.25799000000000        4.23466083333333      -0.144633836611722     
   7.25799000000000        4.53699375000000      -0.139716614625504     
   7.25799000000000        4.83932666666667      -0.135078239442026     
   7.25799000000000        5.14165958333333      -0.131455912096102     
   7.25799000000000        5.44399250000000      -0.128806683176185     
   7.25799000000000        5.74632541666667      -0.126913651751389     
   7.25799000000000        6.04865833333333      -0.125575628779323     
   7.25799000000000        6.35099125000000      -0.124437205569019     
   7.25799000000000        6.65332416666666      -0.122695967241683     
   7.25799000000000        6.95565708333333      -0.119106452337556     
   7.25799000000000        7.25799000000000      -0.115390205268130     
