  2.000000000000000E-003  2.000000000000000E-003 -0.206896992825628     
  2.000000000000000E-003  0.304332916666667      -0.215698443456450     
  2.000000000000000E-003  0.606665833333333      -0.222072303280584     
  2.000000000000000E-003  0.908998750000000      -0.224320800613126     
  2.000000000000000E-003   1.21133166666667      -0.224399099244887     
  2.000000000000000E-003   1.51366458333333      -0.223269797455188     
  2.000000000000000E-003   1.81599750000000      -0.221352144704800     
  2.000000000000000E-003   2.11833041666667      -0.219099043055678     
  2.000000000000000E-003   2.42066333333333      -0.217139389491504     
  2.000000000000000E-003   2.72299625000000      -0.215906650994501     
  2.000000000000000E-003   3.02532916666667      -0.215095290451755     
  2.000000000000000E-003   3.32766208333333      -0.213589245412883     
  2.000000000000000E-003   3.62999500000000      -0.210001034371040     
  2.000000000000000E-003   3.93232791666667      -0.203607933528119     
  2.000000000000000E-003   4.23466083333333      -0.195274866971391     
  2.000000000000000E-003   4.53699375000000      -0.183892162395333     
  2.000000000000000E-003   4.83932666666667      -0.173240478659729     
  2.000000000000000E-003   5.14165958333333      -0.164810262162626     
  2.000000000000000E-003   5.44399250000000      -0.158740788725035     
  2.000000000000000E-003   5.74632541666667      -0.154552051615818     
  2.000000000000000E-003   6.04865833333333      -0.151810895273685     
  2.000000000000000E-003   6.35099125000000      -0.149793528572918     
  2.000000000000000E-003   6.65332416666666      -0.146826486722904     
  2.000000000000000E-003   6.95565708333333      -0.140459087860753     
  2.000000000000000E-003   7.25799000000000      -0.134516152570282     
  0.304332916666667       2.000000000000000E-003 -0.222637754629615     
  0.304332916666667       0.304332916666667      -0.230714908821363     
  0.304332916666667       0.606665833333333      -0.236935403237776     
  0.304332916666667       0.908998750000000      -0.239909176303660     
  0.304332916666667        1.21133166666667      -0.240752185375717     
  0.304332916666667        1.51366458333333      -0.240250683982905     
  0.304332916666667        1.81599750000000      -0.238704463507719     
  0.304332916666667        2.11833041666667      -0.236360245857047     
  0.304332916666667        2.42066333333333      -0.233670366408408     
  0.304332916666667        2.72299625000000      -0.230689855186801     
  0.304332916666667        3.02532916666667      -0.226737026197476     
  0.304332916666667        3.32766208333333      -0.221454740458436     
  0.304332916666667        3.62999500000000      -0.216415483854364     
  0.304332916666667        3.93232791666667      -0.211126472701565     
  0.304332916666667        4.23466083333333      -0.202718937820928     
  0.304332916666667        4.53699375000000      -0.191741154714484     
  0.304332916666667        4.83932666666667      -0.181271681986458     
  0.304332916666667        5.14165958333333      -0.172571889336185     
  0.304332916666667        5.44399250000000      -0.165820124434764     
  0.304332916666667        5.74632541666667      -0.160800538822094     
  0.304332916666667        6.04865833333333      -0.157088523627401     
  0.304332916666667        6.35099125000000      -0.154011784529657     
  0.304332916666667        6.65332416666666      -0.150240519023336     
  0.304332916666667        6.95565708333333      -0.144689902784082     
  0.304332916666667        7.25799000000000      -0.138854505465034     
  0.606665833333333       2.000000000000000E-003 -0.240775775947402     
  0.606665833333333       0.304332916666667      -0.246452612300811     
  0.606665833333333       0.606665833333333      -0.249303889066172     
  0.606665833333333       0.908998750000000      -0.252978113333590     
  0.606665833333333        1.21133166666667      -0.255952113509506     
  0.606665833333333        1.51366458333333      -0.257455090450061     
  0.606665833333333        1.81599750000000      -0.257267349731687     
  0.606665833333333        2.11833041666667      -0.255532524869139     
  0.606665833333333        2.42066333333333      -0.252689269317468     
  0.606665833333333        2.72299625000000      -0.248621188152624     
  0.606665833333333        3.02532916666667      -0.242572387072688     
  0.606665833333333        3.32766208333333      -0.234494454046552     
  0.606665833333333        3.62999500000000      -0.226249035540235     
  0.606665833333333        3.93232791666667      -0.218571656560737     
  0.606665833333333        4.23466083333333      -0.209519362046018     
  0.606665833333333        4.53699375000000      -0.199104882641479     
  0.606665833333333        4.83932666666667      -0.189199870240213     
  0.606665833333333        5.14165958333333      -0.180287492495760     
  0.606665833333333        5.44399250000000      -0.172848903662100     
  0.606665833333333        5.74632541666667      -0.166825299784204     
  0.606665833333333        6.04865833333333      -0.161840345923925     
  0.606665833333333        6.35099125000000      -0.157391391641779     
  0.606665833333333        6.65332416666666      -0.152850418768112     
  0.606665833333333        6.95565708333333      -0.148051828069827     
  0.606665833333333        7.25799000000000      -0.142621254328497     
  0.908998750000000       2.000000000000000E-003 -0.249876075785748     
  0.908998750000000       0.304332916666667      -0.257595459409172     
  0.908998750000000       0.606665833333333      -0.261937318880275     
  0.908998750000000       0.908998750000000      -0.267022406326812     
  0.908998750000000        1.21133166666667      -0.272194848022218     
  0.908998750000000        1.51366458333333      -0.275952529104126     
  0.908998750000000        1.81599750000000      -0.277470925720371     
  0.908998750000000        2.11833041666667      -0.276637228996340     
  0.908998750000000        2.42066333333333      -0.274002140402433     
  0.908998750000000        2.72299625000000      -0.269367946816657     
  0.908998750000000        3.02532916666667      -0.262285160206931     
  0.908998750000000        3.32766208333333      -0.252759638481220     
  0.908998750000000        3.62999500000000      -0.241878594967064     
  0.908998750000000        3.93232791666667      -0.230661034438664     
  0.908998750000000        4.23466083333333      -0.219228350955066     
  0.908998750000000        4.53699375000000      -0.208008570794462     
  0.908998750000000        4.83932666666667      -0.197669345738580     
  0.908998750000000        5.14165958333333      -0.188265192380095     
  0.908998750000000        5.44399250000000      -0.179938026021140     
  0.908998750000000        5.74632541666667      -0.172812588705133     
  0.908998750000000        6.04865833333333      -0.166538383190020     
  0.908998750000000        6.35099125000000      -0.160855795747980     
  0.908998750000000        6.65332416666666      -0.155554508364728     
  0.908998750000000        6.95565708333333      -0.150410192759215     
  0.908998750000000        7.25799000000000      -0.144680143954896     
   1.21133166666667       2.000000000000000E-003 -0.257239200457249     
   1.21133166666667       0.304332916666667      -0.267709201762137     
   1.21133166666667       0.606665833333333      -0.275823559765919     
   1.21133166666667       0.908998750000000      -0.283865080309152     
   1.21133166666667        1.21133166666667      -0.291551384754534     
   1.21133166666667        1.51366458333333      -0.297403006222507     
   1.21133166666667        1.81599750000000      -0.300299025923884     
   1.21133166666667        2.11833041666667      -0.300137675633477     
   1.21133166666667        2.42066333333333      -0.297329270187292     
   1.21133166666667        2.72299625000000      -0.291772200114471     
   1.21133166666667        3.02532916666667      -0.283380759545900     
   1.21133166666667        3.32766208333333      -0.272335530388857     
   1.21133166666667        3.62999500000000      -0.259255716676245     
   1.21133166666667        3.93232791666667      -0.245196373226197     
   1.21133166666667        4.23466083333333      -0.231259518672314     
   1.21133166666667        4.53699375000000      -0.218344092555831     
   1.21133166666667        4.83932666666667      -0.206808826759585     
   1.21133166666667        5.14165958333333      -0.196524676209031     
   1.21133166666667        5.44399250000000      -0.187203960641457     
   1.21133166666667        5.74632541666667      -0.178860300561866     
   1.21133166666667        6.04865833333333      -0.171304994464363     
   1.21133166666667        6.35099125000000      -0.164420610224875     
   1.21133166666667        6.65332416666666      -0.158139885649182     
   1.21133166666667        6.95565708333333      -0.152195777100651     
   1.21133166666667        7.25799000000000      -0.146013461573088     
   1.51366458333333       2.000000000000000E-003 -0.268021989387469     
   1.51366458333333       0.304332916666667      -0.281453617691633     
   1.51366458333333       0.606665833333333      -0.293717721547269     
   1.51366458333333       0.908998750000000      -0.305576737737875     
   1.51366458333333        1.21133166666667      -0.316218982391763     
   1.51366458333333        1.51366458333333      -0.323974653067701     
   1.51366458333333        1.81599750000000      -0.327598429680228     
   1.51366458333333        2.11833041666667      -0.327010357416123     
   1.51366458333333        2.42066333333333      -0.322719314683586     
   1.51366458333333        2.72299625000000      -0.315195897556758     
   1.51366458333333        3.02532916666667      -0.304754002112069     
   1.51366458333333        3.32766208333333      -0.291674213066607     
   1.51366458333333        3.62999500000000      -0.276504604357467     
   1.51366458333333        3.93232791666667      -0.260244776036379     
   1.51366458333333        4.23466083333333      -0.244175111870687     
   1.51366458333333        4.53699375000000      -0.229387954778723     
   1.51366458333333        4.83932666666667      -0.216363641967846     
   1.51366458333333        5.14165958333333      -0.204918163536156     
   1.51366458333333        5.44399250000000      -0.194551348332830     
   1.51366458333333        5.74632541666667      -0.184933530358307     
   1.51366458333333        6.04865833333333      -0.176062658169160     
   1.51366458333333        6.35099125000000      -0.167943985744520     
   1.51366458333333        6.65332416666666      -0.160598743647608     
   1.51366458333333        6.95565708333333      -0.153826242998636     
   1.51366458333333        7.25799000000000      -0.147212831213708     
   1.81599750000000       2.000000000000000E-003 -0.284409977957144     
   1.81599750000000       0.304332916666667      -0.301358315254652     
   1.81599750000000       0.606665833333333      -0.318259044173314     
   1.81599750000000       0.908998750000000      -0.334650495946690     
   1.81599750000000        1.21133166666667      -0.348806315675295     
   1.81599750000000        1.51366458333333      -0.358310877996972     
   1.81599750000000        1.81599750000000      -0.361496761731672     
   1.81599750000000        2.11833041666667      -0.358549328850848     
   1.81599750000000        2.42066333333333      -0.350702031696071     
   1.81599750000000        2.72299625000000      -0.339435262628431     
   1.81599750000000        3.02532916666667      -0.325790176161857     
   1.81599750000000        3.32766208333333      -0.310228257890266     
   1.81599750000000        3.62999500000000      -0.293053936138513     
   1.81599750000000        3.93232791666667      -0.274932982126769     
   1.81599750000000        4.23466083333333      -0.256994843675372     
   1.81599750000000        4.53699375000000      -0.240412197892694     
   1.81599750000000        4.83932666666667      -0.225825525048728     
   1.81599750000000        5.14165958333333      -0.213105961543288     
   1.81599750000000        5.44399250000000      -0.201642289848309     
   1.81599750000000        5.74632541666667      -0.190890663753007     
   1.81599750000000        6.04865833333333      -0.180735343390043     
   1.81599750000000        6.35099125000000      -0.171397525420528     
   1.81599750000000        6.65332416666666      -0.163031456649019     
   1.81599750000000        6.95565708333333      -0.155529922635769     
   1.81599750000000        7.25799000000000      -0.148535580599178     
   2.11833041666667       2.000000000000000E-003 -0.307700353737179     
   2.11833041666667       0.304332916666667      -0.329232826531626     
   2.11833041666667       0.606665833333333      -0.351770740665171     
   2.11833041666667       0.908998750000000      -0.373639392634596     
   2.11833041666667        1.21133166666667      -0.391405262526022     
   2.11833041666667        1.51366458333333      -0.401850004130905     
   2.11833041666667        1.81599750000000      -0.403151858372294     
   2.11833041666667        2.11833041666667      -0.395707325613351     
   2.11833041666667        2.42066333333333      -0.381874125033835     
   2.11833041666667        2.72299625000000      -0.364641671405887     
   2.11833041666667        3.02532916666667      -0.346193034867490     
   2.11833041666667        3.32766208333333      -0.327337840162102     
   2.11833041666667        3.62999500000000      -0.308022363287810     
   2.11833041666667        3.93232791666667      -0.288285979336039     
   2.11833041666667        4.23466083333333      -0.268805914982198     
   2.11833041666667        4.53699375000000      -0.250654581745432     
   2.11833041666667        4.83932666666667      -0.234604941364271     
   2.11833041666667        5.14165958333333      -0.220652967376908     
   2.11833041666667        5.44399250000000      -0.208157932072675     
   2.11833041666667        5.74632541666667      -0.196430347361230     
   2.11833041666667        6.04865833333333      -0.185238402767045     
   2.11833041666667        6.35099125000000      -0.174834673416061     
   2.11833041666667        6.65332416666666      -0.165562950994750     
   2.11833041666667        6.95565708333333      -0.157465835451086     
   2.11833041666667        7.25799000000000      -0.150158671809565     
   2.42066333333333       2.000000000000000E-003 -0.339418103257235     
   2.42066333333333       0.304332916666667      -0.366711177122150     
   2.42066333333333       0.606665833333333      -0.396293806820556     
   2.42066333333333       0.908998750000000      -0.423185844704788     
   2.42066333333333        1.21133166666667      -0.443502620911741     
   2.42066333333333        1.51366458333333      -0.453816626276816     
   2.42066333333333        1.81599750000000      -0.451753139957127     
   2.42066333333333        2.11833041666667      -0.437897036610972     
   2.42066333333333        2.42066333333333      -0.415920769614056     
   2.42066333333333        2.72299625000000      -0.390671481148333     
   2.42066333333333        3.02532916666667      -0.365823558725475     
   2.42066333333333        3.32766208333333      -0.342727681797167     
   2.42066333333333        3.62999500000000      -0.320945893185345     
   2.42066333333333        3.93232791666667      -0.299695975553709     
   2.42066333333333        4.23466083333333      -0.278956319777789     
   2.42066333333333        4.53699375000000      -0.259513739444762     
   2.42066333333333        4.83932666666667      -0.242202538434107     
   2.42066333333333        5.14165958333333      -0.227167728832218     
   2.42066333333333        5.44399250000000      -0.213798544179052     
   2.42066333333333        5.74632541666667      -0.201299262588170     
   2.42066333333333        6.04865833333333      -0.189327189054710     
   2.42066333333333        6.35099125000000      -0.178151208124443     
   2.42066333333333        6.65332416666666      -0.168256318761330     
   2.42066333333333        6.95565708333333      -0.159784746957495     
   2.42066333333333        7.25799000000000      -0.152331395586194     
   2.72299625000000       2.000000000000000E-003 -0.381952086967871     
   2.72299625000000       0.304332916666667      -0.415922681576437     
   2.72299625000000       0.606665833333333      -0.453671250138121     
   2.72299625000000       0.908998750000000      -0.484393323594101     
   2.72299625000000        1.21133166666667      -0.502949967564092     
   2.72299625000000        1.51366458333333      -0.510401301995329     
   2.72299625000000        1.81599750000000      -0.503363304658556     
   2.72299625000000        2.11833041666667      -0.481879493971978     
   2.72299625000000        2.42066333333333      -0.450613216667605     
   2.72299625000000        2.72299625000000      -0.416253145887300     
   2.72299625000000        3.02532916666667      -0.384086050319796     
   2.72299625000000        3.32766208333333      -0.356129891553214     
   2.72299625000000        3.62999500000000      -0.331611805056144     
   2.72299625000000        3.93232791666667      -0.308877627351710     
   2.72299625000000        4.23466083333333      -0.287088933945886     
   2.72299625000000        4.53699375000000      -0.266622120825652     
   2.72299625000000        4.83932666666667      -0.248293990740126     
   2.72299625000000        5.14165958333333      -0.232383916825652     
   2.72299625000000        5.44399250000000      -0.218338995716976     
   2.72299625000000        5.74632541666667      -0.205286555234240     
   2.72299625000000        6.04865833333333      -0.192773400868175     
   2.72299625000000        6.35099125000000      -0.181065155556671     
   2.72299625000000        6.65332416666666      -0.170839430111781     
   2.72299625000000        6.95565708333333      -0.162472778946127     
   2.72299625000000        7.25799000000000      -0.155274663059913     
   3.02532916666667       2.000000000000000E-003 -0.432575930319553     
   3.02532916666667       0.304332916666667      -0.474393838319701     
   3.02532916666667       0.606665833333333      -0.519825119327864     
   3.02532916666667       0.908998750000000      -0.553744142701392     
   3.02532916666667        1.21133166666667      -0.564328792361639     
   3.02532916666667        1.51366458333333      -0.564040363379523     
   3.02532916666667        1.81599750000000      -0.550703994369746     
   3.02532916666667        2.11833041666667      -0.521630581021082     
   3.02532916666667        2.42066333333333      -0.481576817800208     
   3.02532916666667        2.72299625000000      -0.438640899049604     
   3.02532916666667        3.02532916666667      -0.399528201476388     
   3.02532916666667        3.32766208333333      -0.366906935886969     
   3.02532916666667        3.62999500000000      -0.339759763353801     
   3.02532916666667        3.93232791666667      -0.315667520232911     
   3.02532916666667        4.23466083333333      -0.293028834284252     
   3.02532916666667        4.53699375000000      -0.271794269430542     
   3.02532916666667        4.83932666666667      -0.252712784233931     
   3.02532916666667        5.14165958333333      -0.236161077465167     
   3.02532916666667        5.44399250000000      -0.221642895363659     
   3.02532916666667        5.74632541666667      -0.208225247434342     
   3.02532916666667        6.04865833333333      -0.195335877797427     
   3.02532916666667        6.35099125000000      -0.183219554371177     
   3.02532916666667        6.65332416666666      -0.172822782129329     
   3.02532916666667        6.95565708333333      -0.164926487909137     
   3.02532916666667        7.25799000000000      -0.158467203003538     
   3.32766208333333       2.000000000000000E-003 -0.476293580096156     
   3.32766208333333       0.304332916666667      -0.527970115350745     
   3.32766208333333       0.606665833333333      -0.578510978934812     
   3.32766208333333       0.908998750000000      -0.611335395213084     
   3.32766208333333        1.21133166666667      -0.615452630147049     
   3.32766208333333        1.51366458333333      -0.603883104336606     
   3.32766208333333        1.81599750000000      -0.584575592394683     
   3.32766208333333        2.11833041666667      -0.549719252535155     
   3.32766208333333        2.42066333333333      -0.503307333242321     
   3.32766208333333        2.72299625000000      -0.454206433433589     
   3.32766208333333        3.02532916666667      -0.410072110019722     
   3.32766208333333        3.32766208333333      -0.374043281947895     
   3.32766208333333        3.62999500000000      -0.344958511807498     
   3.32766208333333        3.93232791666667      -0.319877547192379     
   3.32766208333333        4.23466083333333      -0.296659267987384     
   3.32766208333333        4.53699375000000      -0.274935602879531     
   3.32766208333333        4.83932666666667      -0.255385363919610     
   3.32766208333333        5.14165958333333      -0.238440456565511     
   3.32766208333333        5.44399250000000      -0.223641863134919     
   3.32766208333333        5.74632541666667      -0.210008621153508     
   3.32766208333333        6.04865833333333      -0.196833221192435     
   3.32766208333333        6.35099125000000      -0.184344093414231     
   3.32766208333333        6.65332416666666      -0.173579829973519     
   3.32766208333333        6.95565708333333      -0.166073536794714     
   3.32766208333333        7.25799000000000      -0.160441028840903     
   3.62999500000000       2.000000000000000E-003 -0.488972204624228     
   3.62999500000000       0.304332916666667      -0.551726139249762     
   3.62999500000000       0.606665833333333      -0.603195258902719     
   3.62999500000000       0.908998750000000      -0.634190830474563     
   3.62999500000000        1.21133166666667      -0.635614094805649     
   3.62999500000000        1.51366458333333      -0.618834532752327     
   3.62999500000000        1.81599750000000      -0.596947369731002     
   3.62999500000000        2.11833041666667      -0.559899427047387     
   3.62999500000000        2.42066333333333      -0.511158241980784     
   3.62999500000000        2.72299625000000      -0.459809694869776     
   3.62999500000000        3.02532916666667      -0.413839652210924     
   3.62999500000000        3.32766208333333      -0.376558211189067     
   3.62999500000000        3.62999500000000      -0.346756708505349     
   3.62999500000000        3.93232791666667      -0.321310291086730     
   3.62999500000000        4.23466083333333      -0.297883252519803     
   3.62999500000000        4.53699375000000      -0.275989768836541     
   3.62999500000000        4.83932666666667      -0.256279530773273     
   3.62999500000000        5.14165958333333      -0.239201802588204     
   3.62999500000000        5.44399250000000      -0.224309946578984     
   3.62999500000000        5.74632541666667      -0.210602491241647     
   3.62999500000000        6.04865833333333      -0.197308468837783     
   3.62999500000000        6.35099125000000      -0.184633450114890     
   3.62999500000000        6.65332416666666      -0.173584148497633     
   3.62999500000000        6.95565708333333      -0.166201425458633     
   3.62999500000000        7.25799000000000      -0.161341961289966     
   3.93232791666667       2.000000000000000E-003 -0.476294363387207     
   3.93232791666667       0.304332916666667      -0.527971056510622     
   3.93232791666667       0.606665833333333      -0.578511640275115     
   3.93232791666667       0.908998750000000      -0.611336028879273     
   3.93232791666667        1.21133166666667      -0.615453118424938     
   3.93232791666667        1.51366458333333      -0.603883285666764     
   3.93232791666667        1.81599750000000      -0.584575679474130     
   3.93232791666667        2.11833041666667      -0.549719302956400     
   3.93232791666667        2.42066333333333      -0.503307348686568     
   3.93232791666667        2.72299625000000      -0.454206419341985     
   3.93232791666667        3.02532916666667      -0.410072084616459     
   3.93232791666667        3.32766208333333      -0.374043253624858     
   3.93232791666667        3.62999500000000      -0.344958479636412     
   3.93232791666667        3.93232791666667      -0.319877524765875     
   3.93232791666667        4.23466083333333      -0.296659261285134     
   3.93232791666667        4.53699375000000      -0.274935599668125     
   3.93232791666667        4.83932666666667      -0.255385365945291     
   3.93232791666667        5.14165958333333      -0.238440451030077     
   3.93232791666667        5.44399250000000      -0.223641842581730     
   3.93232791666667        5.74632541666667      -0.210008584764417     
   3.93232791666667        6.04865833333333      -0.196833154230089     
   3.93232791666667        6.35099125000000      -0.184343968837326     
   3.93232791666667        6.65332416666666      -0.173579615639169     
   3.93232791666667        6.95565708333333      -0.166073295071261     
   3.93232791666667        7.25799000000000      -0.160441004091647     
   4.23466083333333       2.000000000000000E-003 -0.432577227794447     
   4.23466083333333       0.304332916666667      -0.474394890526024     
   4.23466083333333       0.606665833333333      -0.519826045764089     
   4.23466083333333       0.908998750000000      -0.553744975411979     
   4.23466083333333        1.21133166666667      -0.564329333645693     
   4.23466083333333        1.51366458333333      -0.564040602489509     
   4.23466083333333        1.81599750000000      -0.550704114395701     
   4.23466083333333        2.11833041666667      -0.521630646313758     
   4.23466083333333        2.42066333333333      -0.481576833348189     
   4.23466083333333        2.72299625000000      -0.438640872605632     
   4.23466083333333        3.02532916666667      -0.399528156974063     
   4.23466083333333        3.32766208333333      -0.366906878662764     
   4.23466083333333        3.62999500000000      -0.339759720188029     
   4.23466083333333        3.93232791666667      -0.315667497277099     
   4.23466083333333        4.23466083333333      -0.293028833703301     
   4.23466083333333        4.53699375000000      -0.271794291856154     
   4.23466083333333        4.83932666666667      -0.252712804772605     
   4.23466083333333        5.14165958333333      -0.236161080722317     
   4.23466083333333        5.44399250000000      -0.221642877985186     
   4.23466083333333        5.74632541666667      -0.208225201856772     
   4.23466083333333        6.04865833333333      -0.195335791904510     
   4.23466083333333        6.35099125000000      -0.183219398600363     
   4.23466083333333        6.65332416666666      -0.172822546650028     
   4.23466083333333        6.95565708333333      -0.164926271637843     
   4.23466083333333        7.25799000000000      -0.158467187653251     
   4.53699375000000       2.000000000000000E-003 -0.381953148704219     
   4.53699375000000       0.304332916666667      -0.415923513867377     
   4.53699375000000       0.606665833333333      -0.453671951675834     
   4.53699375000000       0.908998750000000      -0.484393939724609     
   4.53699375000000        1.21133166666667      -0.502950295632089     
   4.53699375000000        1.51366458333333      -0.510401467689892     
   4.53699375000000        1.81599750000000      -0.503363385899500     
   4.53699375000000        2.11833041666667      -0.481879539576365     
   4.53699375000000        2.42066333333333      -0.450613210879764     
   4.53699375000000        2.72299625000000      -0.416253114899113     
   4.53699375000000        3.02532916666667      -0.384085994737582     
   4.53699375000000        3.32766208333333      -0.356129845001641     
   4.53699375000000        3.62999500000000      -0.331611779751263     
   4.53699375000000        3.93232791666667      -0.308877629623992     
   4.53699375000000        4.23466083333333      -0.287088971274273     
   4.53699375000000        4.53699375000000      -0.266622170908921     
   4.53699375000000        4.83932666666667      -0.248294047259752     
   4.53699375000000        5.14165958333333      -0.232383954439222     
   4.53699375000000        5.44399250000000      -0.218339009394798     
   4.53699375000000        5.74632541666667      -0.205286536502734     
   4.53699375000000        6.04865833333333      -0.192773338242684     
   4.53699375000000        6.35099125000000      -0.181065039027441     
   4.53699375000000        6.65332416666666      -0.170839270901613     
   4.53699375000000        6.95565708333333      -0.162472646183570     
   4.53699375000000        7.25799000000000      -0.155274644086750     
   4.83932666666667       2.000000000000000E-003 -0.339418715793533     
   4.83932666666667       0.304332916666667      -0.366711596868008     
   4.83932666666667       0.606665833333333      -0.396294122459269     
   4.83932666666667       0.908998750000000      -0.423186051264283     
   4.83932666666667        1.21133166666667      -0.443502712668217     
   4.83932666666667        1.51366458333333      -0.453816669150166     
   4.83932666666667        1.81599750000000      -0.451753158944807     
   4.83932666666667        2.11833041666667      -0.437897044456144     
   4.83932666666667        2.42066333333333      -0.415920778113306     
   4.83932666666667        2.72299625000000      -0.390671488911408     
   4.83932666666667        3.02532916666667      -0.365823556434034     
   4.83932666666667        3.32766208333333      -0.342727694487156     
   4.83932666666667        3.62999500000000      -0.320945925232064     
   4.83932666666667        3.93232791666667      -0.299696035968388     
   4.83932666666667        4.23466083333333      -0.278956403674631     
   4.83932666666667        4.53699375000000      -0.259513843803743     
   4.83932666666667        4.83932666666667      -0.242202652607433     
   4.83932666666667        5.14165958333333      -0.227167834651114     
   4.83932666666667        5.44399250000000      -0.213798628623383     
   4.83932666666667        5.74632541666667      -0.201299307718556     
   4.83932666666667        6.04865833333333      -0.189327188859967     
   4.83932666666667        6.35099125000000      -0.178151163891849     
   4.83932666666667        6.65332416666666      -0.168256238584008     
   4.83932666666667        6.95565708333333      -0.159784662429845     
   4.83932666666667        7.25799000000000      -0.152331349276288     
   5.14165958333333       2.000000000000000E-003 -0.307700637474731     
   5.14165958333333       0.304332916666667      -0.329232968721761     
   5.14165958333333       0.606665833333333      -0.351770727962875     
   5.14165958333333       0.908998750000000      -0.373639327106920     
   5.14165958333333        1.21133166666667      -0.391405161359302     
   5.14165958333333        1.51366458333333      -0.401849923475440     
   5.14165958333333        1.81599750000000      -0.403151832151352     
   5.14165958333333        2.11833041666667      -0.395707351401105     
   5.14165958333333        2.42066333333333      -0.381874183672451     
   5.14165958333333        2.72299625000000      -0.364641778015792     
   5.14165958333333        3.02532916666667      -0.346193153994912     
   5.14165958333333        3.32766208333333      -0.327337970912101     
   5.14165958333333        3.62999500000000      -0.308022492345512     
   5.14165958333333        3.93232791666667      -0.288286109916639     
   5.14165958333333        4.23466083333333      -0.268806059481629     
   5.14165958333333        4.53699375000000      -0.250654744707949     
   5.14165958333333        4.83932666666667      -0.234605121376231     
   5.14165958333333        5.14165958333333      -0.220653157167827     
   5.14165958333333        5.44399250000000      -0.208158111067005     
   5.14165958333333        5.74632541666667      -0.196430481407887     
   5.14165958333333        6.04865833333333      -0.185238486657537     
   5.14165958333333        6.35099125000000      -0.174834704148818     
   5.14165958333333        6.65332416666666      -0.165562937729724     
   5.14165958333333        6.95565708333333      -0.157465811767414     
   5.14165958333333        7.25799000000000      -0.150158653373007     
   5.44399250000000       2.000000000000000E-003 -0.284409953938501     
   5.44399250000000       0.304332916666667      -0.301358143854831     
   5.44399250000000       0.606665833333333      -0.318258744449792     
   5.44399250000000       0.908998750000000      -0.334650167045474     
   5.44399250000000        1.21133166666667      -0.348806028836233     
   5.44399250000000        1.51366458333333      -0.358310721614903     
   5.44399250000000        1.81599750000000      -0.361496738136289     
   5.44399250000000        2.11833041666667      -0.358549433693318     
   5.44399250000000        2.42066333333333      -0.350702235044862     
   5.44399250000000        2.72299625000000      -0.339435552172156     
   5.44399250000000        3.02532916666667      -0.325790488896190     
   5.44399250000000        3.32766208333333      -0.310228560301512     
   5.44399250000000        3.62999500000000      -0.293054187542213     
   5.44399250000000        3.93232791666667      -0.274933191094186     
   5.44399250000000        4.23466083333333      -0.256995030781462     
   5.44399250000000        4.53699375000000      -0.240412397035346     
   5.44399250000000        4.83932666666667      -0.225825762586368     
   5.44399250000000        5.14165958333333      -0.213106227806986     
   5.44399250000000        5.44399250000000      -0.201642556547360     
   5.44399250000000        5.74632541666667      -0.190890903745110     
   5.44399250000000        6.04865833333333      -0.180735524257350     
   5.44399250000000        6.35099125000000      -0.171397633681974     
   5.44399250000000        6.65332416666666      -0.163031511576229     
   5.44399250000000        6.95565708333333      -0.155529954603292     
   5.44399250000000        7.25799000000000      -0.148535609187119     
   5.74632541666667       2.000000000000000E-003 -0.268021754226092     
   5.74632541666667       0.304332916666667      -0.281453204313189     
   5.74632541666667       0.606665833333333      -0.293717187116281     
   5.74632541666667       0.908998750000000      -0.305576191114105     
   5.74632541666667        1.21133166666667      -0.316218575393574     
   5.74632541666667        1.51366458333333      -0.323974455378272     
   5.74632541666667        1.81599750000000      -0.327598472548630     
   5.74632541666667        2.11833041666667      -0.327010606104364     
   5.74632541666667        2.42066333333333      -0.322719744284049     
   5.74632541666667        2.72299625000000      -0.315196463000463     
   5.74632541666667        3.02532916666667      -0.304754606639388     
   5.74632541666667        3.32766208333333      -0.291674758633954     
   5.74632541666667        3.62999500000000      -0.276505001422566     
   5.74632541666667        3.93232791666667      -0.260245029895331     
   5.74632541666667        4.23466083333333      -0.244175303704909     
   5.74632541666667        4.53699375000000      -0.229388159677736     
   5.74632541666667        4.83932666666667      -0.216363900110390     
   5.74632541666667        5.14165958333333      -0.204918479398867     
   5.74632541666667        5.44399250000000      -0.194551709907913     
   5.74632541666667        5.74632541666667      -0.184933887741526     
   5.74632541666667        6.04865833333333      -0.176062954933711     
   5.74632541666667        6.35099125000000      -0.167944202487364     
   5.74632541666667        6.65332416666666      -0.160598875920213     
   5.74632541666667        6.95565708333333      -0.153826327840102     
   5.74632541666667        7.25799000000000      -0.147212918723124     
   6.04865833333333       2.000000000000000E-003 -0.257238887968518     
   6.04865833333333       0.304332916666667      -0.267708650168564     
   6.04865833333333       0.606665833333333      -0.275822907348377     
   6.04865833333333       0.908998750000000      -0.283864512873533     
   6.04865833333333        1.21133166666667      -0.291551039914684     
   6.04865833333333        1.51366458333333      -0.297402933877652     
   6.04865833333333        1.81599750000000      -0.300299232832828     
   6.04865833333333        2.11833041666667      -0.300138159336390     
   6.04865833333333        2.42066333333333      -0.297330015720433     
   6.04865833333333        2.72299625000000      -0.291773144298720     
   6.04865833333333        3.02532916666667      -0.283381776038126     
   6.04865833333333        3.32766208333333      -0.272336392541091     
   6.04865833333333        3.62999500000000      -0.259256241419669     
   6.04865833333333        3.93232791666667      -0.245196575996664     
   6.04865833333333        4.23466083333333      -0.231259612537880     
   6.04865833333333        4.53699375000000      -0.218344234898433     
   6.04865833333333        4.83932666666667      -0.206809075522530     
   6.04865833333333        5.14165958333333      -0.196525036066091     
   6.04865833333333        5.44399250000000      -0.187204411226279     
   6.04865833333333        5.74632541666667      -0.178860773628295     
   6.04865833333333        6.04865833333333      -0.171305438683084     
   6.04865833333333        6.35099125000000      -0.164420956793933     
   6.04865833333333        6.65332416666666      -0.158140075546441     
   6.04865833333333        6.95565708333333      -0.152195852946719     
   6.04865833333333        7.25799000000000      -0.146013570048360     
   6.35099125000000       2.000000000000000E-003 -0.249875862796926     
   6.35099125000000       0.304332916666667      -0.257594952270468     
   6.35099125000000       0.606665833333333      -0.261936976932792     
   6.35099125000000       0.908998750000000      -0.267022261817229     
   6.35099125000000        1.21133166666667      -0.272194868827431     
   6.35099125000000        1.51366458333333      -0.275952744582955     
   6.35099125000000        1.81599750000000      -0.277471393540195     
   6.35099125000000        2.11833041666667      -0.276637989154096     
   6.35099125000000        2.42066333333333      -0.274003246016468     
   6.35099125000000        2.72299625000000      -0.269369400900234     
   6.35099125000000        3.02532916666667      -0.262286801701559     
   6.35099125000000        3.32766208333333      -0.252761005268690     
   6.35099125000000        3.62999500000000      -0.241879240152504     
   6.35099125000000        3.93232791666667      -0.230661056477286     
   6.35099125000000        4.23466083333333      -0.219228213634468     
   6.35099125000000        4.53699375000000      -0.208008597945255     
   6.35099125000000        4.83932666666667      -0.197669576435434     
   6.35099125000000        5.14165958333333      -0.188265592540496     
   6.35099125000000        5.44399250000000      -0.179938550294392     
   6.35099125000000        5.74632541666667      -0.172813180075410     
   6.35099125000000        6.04865833333333      -0.166538981045449     
   6.35099125000000        6.35099125000000      -0.160856287630554     
   6.35099125000000        6.65332416666666      -0.155554770895092     
   6.35099125000000        6.95565708333333      -0.150410256722182     
   6.35099125000000        7.25799000000000      -0.144680303452312     
   6.65332416666666       2.000000000000000E-003 -0.240775745164087     
   6.65332416666666       0.304332916666667      -0.246452508585887     
   6.65332416666666       0.606665833333333      -0.249304530277280     
   6.65332416666666       0.908998750000000      -0.252979068482527     
   6.65332416666666        1.21133166666667      -0.255952930004612     
   6.65332416666666        1.51366458333333      -0.257455798369521     
   6.65332416666666        1.81599750000000      -0.257268136483661     
   6.65332416666666        2.11833041666667      -0.255533539093830     
   6.65332416666666        2.42066333333333      -0.252690710339604     
   6.65332416666666        2.72299625000000      -0.248623204994786     
   6.65332416666666        3.02532916666667      -0.242574766147354     
   6.65332416666666        3.32766208333333      -0.234496413912346     
   6.65332416666666        3.62999500000000      -0.226249742895938     
   6.65332416666666        3.93232791666667      -0.218571368326417     
   6.65332416666666        4.23466083333333      -0.209519007906234     
   6.65332416666666        4.53699375000000      -0.199104854807749     
   6.65332416666666        4.83932666666667      -0.189200144162659     
   6.65332416666666        5.14165958333333      -0.180287956101194     
   6.65332416666666        5.44399250000000      -0.172849475603180     
   6.65332416666666        5.74632541666667      -0.166825949662638     
   6.65332416666666        6.04865833333333      -0.161841019103796     
   6.65332416666666        6.35099125000000      -0.157392012320020     
   6.65332416666666        6.65332416666666      -0.152850869044037     
   6.65332416666666        6.95565708333333      -0.148052043418792     
   6.65332416666666        7.25799000000000      -0.142621608910306     
   6.95565708333333       2.000000000000000E-003 -0.222637958614000     
   6.95565708333333       0.304332916666667      -0.230715457620680     
   6.95565708333333       0.606665833333333      -0.236937702953828     
   6.95565708333333       0.908998750000000      -0.239911628582987     
   6.95565708333333        1.21133166666667      -0.240753982640109     
   6.95565708333333        1.51366458333333      -0.240251952661659     
   6.95565708333333        1.81599750000000      -0.238705558275268     
   6.95565708333333        2.11833041666667      -0.236361457660429     
   6.95565708333333        2.42066333333333      -0.233672013211951     
   6.95565708333333        2.72299625000000      -0.230692149204533     
   6.95565708333333        3.02532916666667      -0.226739797618319     
   6.95565708333333        3.32766208333333      -0.221457096580486     
   6.95565708333333        3.62999500000000      -0.216416147032720     
   6.95565708333333        3.93232791666667      -0.211126254393216     
   6.95565708333333        4.23466083333333      -0.202718869467945     
   6.95565708333333        4.53699375000000      -0.191741398499458     
   6.95565708333333        4.83932666666667      -0.181272124409593     
   6.95565708333333        5.14165958333333      -0.172572433532076     
   6.95565708333333        5.44399250000000      -0.165820709926926     
   6.95565708333333        5.74632541666667      -0.160801127904931     
   6.95565708333333        6.04865833333333      -0.157089069683111     
   6.95565708333333        6.35099125000000      -0.154012314605164     
   6.95565708333333        6.65332416666666      -0.150241134450406     
   6.95565708333333        6.95565708333333      -0.144690488494394     
   6.95565708333333        7.25799000000000      -0.138855127486441     
   7.25799000000000       2.000000000000000E-003 -0.206897111268084     
   7.25799000000000       0.304332916666667      -0.215699972297805     
   7.25799000000000       0.606665833333333      -0.222075659005470     
   7.25799000000000       0.908998750000000      -0.224324054394851     
   7.25799000000000        1.21133166666667      -0.224401498148238     
   7.25799000000000        1.51366458333333      -0.223271470925645     
   7.25799000000000        1.81599750000000      -0.221353465561771     
   7.25799000000000        2.11833041666667      -0.219100336563419     
   7.25799000000000        2.42066333333333      -0.217140980919794     
   7.25799000000000        2.72299625000000      -0.215908666444000     
   7.25799000000000        3.02532916666667      -0.215097555958725     
   7.25799000000000        3.32766208333333      -0.213591031738469     
   7.25799000000000        3.62999500000000      -0.210002163366333     
   7.25799000000000        3.93232791666667      -0.203609043232015     
   7.25799000000000        4.23466083333333      -0.195275834632661     
   7.25799000000000        4.53699375000000      -0.183893038402635     
   7.25799000000000        4.83932666666667      -0.173241231544243     
   7.25799000000000        5.14165958333333      -0.164810906924103     
   7.25799000000000        5.44399250000000      -0.158741341330532     
   7.25799000000000        5.74632541666667      -0.154552482034850     
   7.25799000000000        6.04865833333333      -0.151811130392483     
   7.25799000000000        6.35099125000000      -0.149793594735438     
   7.25799000000000        6.65332416666666      -0.146826625466691     
   7.25799000000000        6.95565708333333      -0.140459587796347     
   7.25799000000000        7.25799000000000      -0.134516879623900     
