  2.000000000000000E-003  2.000000000000000E-003 -0.234060299633461     
  2.000000000000000E-003  0.304332916666667      -0.238170325108352     
  2.000000000000000E-003  0.606665833333333      -0.236725941949450     
  2.000000000000000E-003  0.908998750000000      -0.232847469571133     
  2.000000000000000E-003   1.21133166666667      -0.227237553602386     
  2.000000000000000E-003   1.51366458333333      -0.219959023258629     
  2.000000000000000E-003   1.81599750000000      -0.211523040531568     
  2.000000000000000E-003   2.11833041666667      -0.202684735282242     
  2.000000000000000E-003   2.42066333333333      -0.194256706475517     
  2.000000000000000E-003   2.72299625000000      -0.186845127856675     
  2.000000000000000E-003   3.02532916666667      -0.180586568822149     
  2.000000000000000E-003   3.32766208333333      -0.175344464081154     
  2.000000000000000E-003   3.62999500000000      -0.170487448895929     
  2.000000000000000E-003   3.93232791666667      -0.163606523964897     
  2.000000000000000E-003   4.23466083333333      -0.156664698013059     
  2.000000000000000E-003   4.53699375000000      -0.147983670453585     
  2.000000000000000E-003   4.83932666666667      -0.139950790277794     
  2.000000000000000E-003   5.14165958333333      -0.133560034357952     
  2.000000000000000E-003   5.44399250000000      -0.128938969284905     
  2.000000000000000E-003   5.74632541666667      -0.125738589181944     
  2.000000000000000E-003   6.04865833333333      -0.123637045925638     
  2.000000000000000E-003   6.35099125000000      -0.122095814132290     
  2.000000000000000E-003   6.65332416666666      -0.119937937441531     
  2.000000000000000E-003   6.95565708333333      -0.115494971918140     
  2.000000000000000E-003   7.25799000000000      -0.111517871872533     
  0.304332916666667       2.000000000000000E-003 -0.258410676580271     
  0.304332916666667       0.304332916666667      -0.262150378824134     
  0.304332916666667       0.606665833333333      -0.258011995016678     
  0.304332916666667       0.908998750000000      -0.251918725593575     
  0.304332916666667        1.21133166666667      -0.244699696264295     
  0.304332916666667        1.51366458333333      -0.235964850370813     
  0.304332916666667        1.81599750000000      -0.226136272036816     
  0.304332916666667        2.11833041666667      -0.215871371200255     
  0.304332916666667        2.42066333333333      -0.205909196966371     
  0.304332916666667        2.72299625000000      -0.196624501911425     
  0.304332916666667        3.02532916666667      -0.187931664092363     
  0.304332916666667        3.32766208333333      -0.179831597977425     
  0.304332916666667        3.62999500000000      -0.173118656806553     
  0.304332916666667        3.93232791666667      -0.167398827825707     
  0.304332916666667        4.23466083333333      -0.160405659517335     
  0.304332916666667        4.53699375000000      -0.151965607420919     
  0.304332916666667        4.83932666666667      -0.144028813421141     
  0.304332916666667        5.14165958333333      -0.137476752740988     
  0.304332916666667        5.44399250000000      -0.132488405157293     
  0.304332916666667        5.74632541666667      -0.128894170467059     
  0.304332916666667        6.04865833333333      -0.126346039879892     
  0.304332916666667        6.35099125000000      -0.124299889836792     
  0.304332916666667        6.65332416666666      -0.121761564339893     
  0.304332916666667        6.95565708333333      -0.117931779115392     
  0.304332916666667        7.25799000000000      -0.113918120146569     
  0.606665833333333       2.000000000000000E-003 -0.292599699346915     
  0.606665833333333       0.304332916666667      -0.288861480535951     
  0.606665833333333       0.606665833333333      -0.280432881238359     
  0.606665833333333       0.908998750000000      -0.271669712540577     
  0.606665833333333        1.21133166666667      -0.262598645892435     
  0.606665833333333        1.51366458333333      -0.252542939537146     
  0.606665833333333        1.81599750000000      -0.241520685633329     
  0.606665833333333        2.11833041666667      -0.230010205653899     
  0.606665833333333        2.42066333333333      -0.218681044040615     
  0.606665833333333        2.72299625000000      -0.207739720556660     
  0.606665833333333        3.02532916666667      -0.197052006228043     
  0.606665833333333        3.32766208333333      -0.186715306067348     
  0.606665833333333        3.62999500000000      -0.177828382980681     
  0.606665833333333        3.93232791666667      -0.170578670658044     
  0.606665833333333        4.23466083333333      -0.163223968115644     
  0.606665833333333        4.53699375000000      -0.155314063391716     
  0.606665833333333        4.83932666666667      -0.147885320017857     
  0.606665833333333        5.14165958333333      -0.141310074721338     
  0.606665833333333        5.44399250000000      -0.135986841698535     
  0.606665833333333        5.74632541666667      -0.131885135995962     
  0.606665833333333        6.04865833333333      -0.128688920130419     
  0.606665833333333        6.35099125000000      -0.125910847920944     
  0.606665833333333        6.65332416666666      -0.122958002328486     
  0.606665833333333        6.95565708333333      -0.119635404435227     
  0.606665833333333        7.25799000000000      -0.115932884021086     
  0.908998750000000       2.000000000000000E-003 -0.314399859209499     
  0.908998750000000       0.304332916666667      -0.310720844162920     
  0.908998750000000       0.606665833333333      -0.302200736685311     
  0.908998750000000       0.908998750000000      -0.292204760226390     
  0.908998750000000        1.21133166666667      -0.281555554174369     
  0.908998750000000        1.51366458333333      -0.270080382803943     
  0.908998750000000        1.81599750000000      -0.257789401561115     
  0.908998750000000        2.11833041666667      -0.244978992806849     
  0.908998750000000        2.42066333333333      -0.232324108996807     
  0.908998750000000        2.72299625000000      -0.219974706943440     
  0.908998750000000        3.02532916666667      -0.207864902863003     
  0.908998750000000        3.32766208333333      -0.196140954462174     
  0.908998750000000        3.62999500000000      -0.185446473707771     
  0.908998750000000        3.93232791666667      -0.176078975511197     
  0.908998750000000        4.23466083333333      -0.167528044911111     
  0.908998750000000        4.53699375000000      -0.159493902578763     
  0.908998750000000        4.83932666666667      -0.152035029405310     
  0.908998750000000        5.14165958333333      -0.145307215495288     
  0.908998750000000        5.44399250000000      -0.139552216361580     
  0.908998750000000        5.74632541666667      -0.134883363637069     
  0.908998750000000        6.04865833333333      -0.131006727808578     
  0.908998750000000        6.35099125000000      -0.127567972058144     
  0.908998750000000        6.65332416666666      -0.124237001302810     
  0.908998750000000        6.95565708333333      -0.120832738619303     
  0.908998750000000        7.25799000000000      -0.117065917201000     
   1.21133166666667       2.000000000000000E-003 -0.339645270463747     
   1.21133166666667       0.304332916666667      -0.336440440660138     
   1.21133166666667       0.606665833333333      -0.328116944071433     
   1.21133166666667       0.908998750000000      -0.316769888710508     
   1.21133166666667        1.21133166666667      -0.303809489679618     
   1.21133166666667        1.51366458333333      -0.289930953301033     
   1.21133166666667        1.81599750000000      -0.275516168223412     
   1.21133166666667        2.11833041666667      -0.260888829782882     
   1.21133166666667        2.42066333333333      -0.246577704369668     
   1.21133166666667        2.72299625000000      -0.232649227633670     
   1.21133166666667        3.02532916666667      -0.219100986069376     
   1.21133166666667        3.32766208333333      -0.206086898302668     
   1.21133166666667        3.62999500000000      -0.193948751227236     
   1.21133166666667        3.93232791666667      -0.183020434376736     
   1.21133166666667        4.23466083333333      -0.173297632510430     
   1.21133166666667        4.53699375000000      -0.164517848802968     
   1.21133166666667        4.83932666666667      -0.156574383631104     
   1.21133166666667        5.14165958333333      -0.149488310318922     
   1.21133166666667        5.44399250000000      -0.143264191372458     
   1.21133166666667        5.74632541666667      -0.137957918465201     
   1.21133166666667        6.04865833333333      -0.133402520661772     
   1.21133166666667        6.35099125000000      -0.129333801539495     
   1.21133166666667        6.65332416666666      -0.125517387866308     
   1.21133166666667        6.95565708333333      -0.121746041379920     
   1.21133166666667        7.25799000000000      -0.117784491770228     
   1.51366458333333       2.000000000000000E-003 -0.383351126136062     
   1.51366458333333       0.304332916666667      -0.379247189057428     
   1.51366458333333       0.606665833333333      -0.367989579535213     
   1.51366458333333       0.908998750000000      -0.351980253806356     
   1.51366458333333        1.21133166666667      -0.333584708094388     
   1.51366458333333        1.51366458333333      -0.314652623512095     
   1.51366458333333        1.81599750000000      -0.295989781426497     
   1.51366458333333        2.11833041666667      -0.278059471272728     
   1.51366458333333        2.42066333333333      -0.261250572348614     
   1.51366458333333        2.72299625000000      -0.245346498738732     
   1.51366458333333        3.02532916666667      -0.230131732879514     
   1.51366458333333        3.32766208333333      -0.215670540058585     
   1.51366458333333        3.62999500000000      -0.202242888715223     
   1.51366458333333        3.93232791666667      -0.190117530922263     
   1.51366458333333        4.23466083333333      -0.179355828427738     
   1.51366458333333        4.53699375000000      -0.169822790120774     
   1.51366458333333        4.83932666666667      -0.161337360095215     
   1.51366458333333        5.14165958333333      -0.153764456629613     
   1.51366458333333        5.44399250000000      -0.147017306498051     
   1.51366458333333        5.74632541666667      -0.141043043381958     
   1.51366458333333        6.04865833333333      -0.135788728891137     
   1.51366458333333        6.35099125000000      -0.131082028969089     
   1.51366458333333        6.65332416666666      -0.126729860994963     
   1.51366458333333        6.95565708333333      -0.122544304636984     
   1.51366458333333        7.25799000000000      -0.118370446581267     
   1.81599750000000       2.000000000000000E-003 -0.459015483230074     
   1.81599750000000       0.304332916666667      -0.451875449062377     
   1.81599750000000       0.606665833333333      -0.432725624907681     
   1.81599750000000       0.908998750000000      -0.405842679971654     
   1.81599750000000        1.21133166666667      -0.376367298781857     
   1.81599750000000        1.51366458333333      -0.347422237929071     
   1.81599750000000        1.81599750000000      -0.320532323274337     
   1.81599750000000        2.11833041666667      -0.296899588606877     
   1.81599750000000        2.42066333333333      -0.276264633731735     
   1.81599750000000        2.72299625000000      -0.257745216887330     
   1.81599750000000        3.02532916666667      -0.240626648532067     
   1.81599750000000        3.32766208333333      -0.224667360281072     
   1.81599750000000        3.62999500000000      -0.209998253474852     
   1.81599750000000        3.93232791666667      -0.196835243722678     
   1.81599750000000        4.23466083333333      -0.185239098732884     
   1.81599750000000        4.53699375000000      -0.175059394724888     
   1.81599750000000        4.83932666666667      -0.166035396222726     
   1.81599750000000        5.14165958333333      -0.157929924604071     
   1.81599750000000        5.44399250000000      -0.150599991500664     
   1.81599750000000        5.74632541666667      -0.143985067290379     
   1.81599750000000        6.04865833333333      -0.138049937686245     
   1.81599750000000        6.35099125000000      -0.132726278280743     
   1.81599750000000        6.65332416666666      -0.127875382073262     
   1.81599750000000        6.95565708333333      -0.123333078207840     
   1.81599750000000        7.25799000000000      -0.118969842082464     
   2.11833041666667       2.000000000000000E-003 -0.583494440244921     
   2.11833041666667       0.304332916666667      -0.570236301637782     
   2.11833041666667       0.606665833333333      -0.534516261847796     
   2.11833041666667       0.908998750000000      -0.486897052338992     
   2.11833041666667        1.21133166666667      -0.436288331533798     
   2.11833041666667        1.51366458333333      -0.389516727199116     
   2.11833041666667        1.81599750000000      -0.349903154706340     
   2.11833041666667        2.11833041666667      -0.317740342207685     
   2.11833041666667        2.42066333333333      -0.291603199735716     
   2.11833041666667        2.72299625000000      -0.269606570798222     
   2.11833041666667        3.02532916666667      -0.250256562469131     
   2.11833041666667        3.32766208333333      -0.232775278861357     
   2.11833041666667        3.62999500000000      -0.216978309034901     
   2.11833041666667        3.93232791666667      -0.202929761189690     
   2.11833041666667        4.23466083333333      -0.190627079039636     
   2.11833041666667        4.53699375000000      -0.179873537234463     
   2.11833041666667        4.83932666666667      -0.170342499050800     
   2.11833041666667        5.14165958333333      -0.161724737447117     
   2.11833041666667        5.44399250000000      -0.153835930385844     
   2.11833041666667        5.74632541666667      -0.146624425523269     
   2.11833041666667        6.04865833333333      -0.140100499394675     
   2.11833041666667        6.35099125000000      -0.134250284799899     
   2.11833041666667        6.65332416666666      -0.128992121413475     
   2.11833041666667        6.95565708333333      -0.124197657485963     
   2.11833041666667        7.25799000000000      -0.119704510574917     
   2.42066333333333       2.000000000000000E-003 -0.783683877170283     
   2.42066333333333       0.304332916666667      -0.756505047964807     
   2.42066333333333       0.606665833333333      -0.686158682705648     
   2.42066333333333       0.908998750000000      -0.598147930251322     
   2.42066333333333        1.21133166666667      -0.513093274747867     
   2.42066333333333        1.51366458333333      -0.440945756937265     
   2.42066333333333        1.81599750000000      -0.383944113838904     
   2.42066333333333        2.11833041666667      -0.340386249793997     
   2.42066333333333        2.42066333333333      -0.307063138707294     
   2.42066333333333        2.72299625000000      -0.280700210355776     
   2.42066333333333        3.02532916666667      -0.258760457681533     
   2.42066333333333        3.32766208333333      -0.239718578230805     
   2.42066333333333        3.62999500000000      -0.222904867286461     
   2.42066333333333        3.93232791666667      -0.208113749073327     
   2.42066333333333        4.23466083333333      -0.195218136953083     
   2.42066333333333        4.53699375000000      -0.183964820124408     
   2.42066333333333        4.83932666666667      -0.173984279732329     
   2.42066333333333        5.14165958333333      -0.164923360503191     
   2.42066333333333        5.44399250000000      -0.156567363542544     
   2.42066333333333        5.74632541666667      -0.148865914544168     
   2.42066333333333        6.04865833333333      -0.141865438181133     
   2.42066333333333        6.35099125000000      -0.135613357747153     
   2.42066333333333        6.65332416666666      -0.130096180820494     
   2.42066333333333        6.95565708333333      -0.125210102697544     
   2.42066333333333        7.25799000000000      -0.120733019272354     
   2.72299625000000       2.000000000000000E-003  -1.06563644058428     
   2.72299625000000       0.304332916666667       -1.01843772463138     
   2.72299625000000       0.606665833333333      -0.895778669232850     
   2.72299625000000       0.908998750000000      -0.742696374297294     
   2.72299625000000        1.21133166666667      -0.605231853933558     
   2.72299625000000        1.51366458333333      -0.499033326193254     
   2.72299625000000        1.81599750000000      -0.420517811900081     
   2.72299625000000        2.11833041666667      -0.363498069623309     
   2.72299625000000        2.42066333333333      -0.321903265041001     
   2.72299625000000        2.72299625000000      -0.290631035874017     
   2.72299625000000        3.02532916666667      -0.265900281524829     
   2.72299625000000        3.32766208333333      -0.245307783563257     
   2.72299625000000        3.62999500000000      -0.227590945546964     
   2.72299625000000        3.93232791666667      -0.212192595189135     
   2.72299625000000        4.23466083333333      -0.198817398816538     
   2.72299625000000        4.53699375000000      -0.187150936267635     
   2.72299625000000        4.83932666666667      -0.176801298286913     
   2.72299625000000        5.14165958333333      -0.167394770199485     
   2.72299625000000        5.44399250000000      -0.158694096070358     
   2.72299625000000        5.74632541666667      -0.150636413612416     
   2.72299625000000        6.04865833333333      -0.143275343869478     
   2.72299625000000        6.35099125000000      -0.136693650517032     
   2.72299625000000        6.65332416666666      -0.131034253494057     
   2.72299625000000        6.95565708333333      -0.126349710022915     
   2.72299625000000        7.25799000000000      -0.122133266470448     
   3.02532916666667       2.000000000000000E-003  -1.38199781485601     
   3.02532916666667       0.304332916666667       -1.31464077551189     
   3.02532916666667       0.606665833333333       -1.13381843121291     
   3.02532916666667       0.908998750000000      -0.907073864514064     
   3.02532916666667        1.21133166666667      -0.702899279798661     
   3.02532916666667        1.51366458333333      -0.556150177784852     
   3.02532916666667        1.81599750000000      -0.454764791476497     
   3.02532916666667        2.11833041666667      -0.384286458214286     
   3.02532916666667        2.42066333333333      -0.334669763610187     
   3.02532916666667        2.72299625000000      -0.298719873577629     
   3.02532916666667        3.02532916666667      -0.271388202373300     
   3.02532916666667        3.32766208333333      -0.249414422939069     
   3.02532916666667        3.62999500000000      -0.230952582462849     
   3.02532916666667        3.93232791666667      -0.215089484887282     
   3.02532916666667        4.23466083333333      -0.201355426000484     
   3.02532916666667        4.53699375000000      -0.189377879970971     
   3.02532916666667        4.83932666666667      -0.178755748370239     
   3.02532916666667        5.14165958333333      -0.169109661761664     
   3.02532916666667        5.44399250000000      -0.160184753789915     
   3.02532916666667        5.74632541666667      -0.151891302222828     
   3.02532916666667        6.04865833333333      -0.144246780093997     
   3.02532916666667        6.35099125000000      -0.137345020386248     
   3.02532916666667        6.65332416666666      -0.131604588098514     
   3.02532916666667        6.95565708333333      -0.127297712251158     
   3.02532916666667        7.25799000000000      -0.123600792021530     
   3.32766208333333       2.000000000000000E-003  -1.62196765918294     
   3.32766208333333       0.304332916666667       -1.54702021884656     
   3.32766208333333       0.606665833333333       -1.32977947692275     
   3.32766208333333       0.908998750000000       -1.04175429598700     
   3.32766208333333        1.21133166666667      -0.783023674407133     
   3.32766208333333        1.51366458333333      -0.599616381952337     
   3.32766208333333        1.81599750000000      -0.479745775478627     
   3.32766208333333        2.11833041666667      -0.399016176355381     
   3.32766208333333        2.42066333333333      -0.343459500174438     
   3.32766208333333        2.72299625000000      -0.304092620121617     
   3.32766208333333        3.02532916666667      -0.274883057911512     
   3.32766208333333        3.32766208333333      -0.251934052135012     
   3.32766208333333        3.62999500000000      -0.232968741456435     
   3.32766208333333        3.93232791666667      -0.216807696695360     
   3.32766208333333        4.23466083333333      -0.202848897131395     
   3.32766208333333        4.53699375000000      -0.190677182929325     
   3.32766208333333        4.83932666666667      -0.179888589551546     
   3.32766208333333        5.14165958333333      -0.170104241502652     
   3.32766208333333        5.44399250000000      -0.161056516038785     
   3.32766208333333        5.74632541666667      -0.152624166181812     
   3.32766208333333        6.04865833333333      -0.144751372912718     
   3.32766208333333        6.35099125000000      -0.137538072654709     
   3.32766208333333        6.65332416666666      -0.131535830994687     
   3.32766208333333        6.95565708333333      -0.127498605201269     
   3.32766208333333        7.25799000000000      -0.124395737870787     
   3.62999500000000       2.000000000000000E-003  -1.79688723559918     
   3.62999500000000       0.304332916666667       -1.63361774524606     
   3.62999500000000       0.606665833333333       -1.40504732986719     
   3.62999500000000       0.908998750000000       -1.09418807747690     
   3.62999500000000        1.21133166666667      -0.814285078156798     
   3.62999500000000        1.51366458333333      -0.616085146882295     
   3.62999500000000        1.81599750000000      -0.488972204624229     
   3.62999500000000        2.11833041666667      -0.404371916589373     
   3.62999500000000        2.42066333333333      -0.346610718981753     
   3.62999500000000        2.72299625000000      -0.305985388585125     
   3.62999500000000        3.02532916666667      -0.276087849982763     
   3.62999500000000        3.32766208333333      -0.252784815044905     
   3.62999500000000        3.62999500000000      -0.233640235059349     
   3.62999500000000        3.93232791666667      -0.217375756095233     
   3.62999500000000        4.23466083333333      -0.203340052683164     
   3.62999500000000        4.53699375000000      -0.191102285032375     
   3.62999500000000        4.83932666666667      -0.180257710684659     
   3.62999500000000        5.14165958333333      -0.170428477139635     
   3.62999500000000        5.44399250000000      -0.161341914262972     
   3.62999500000000        5.74632541666667      -0.152861934373439     
   3.62999500000000        6.04865833333333      -0.144894102736835     
   3.62999500000000        6.35099125000000      -0.137526753620006     
   3.62999500000000        6.65332416666666      -0.131315000013213     
   3.62999500000000        6.95565708333333      -0.127327982957764     
   3.62999500000000        7.25799000000000      -0.124838849810256     
   3.93232791666667       2.000000000000000E-003  -1.62197193952030     
   3.93232791666667       0.304332916666667       -1.54702459947699     
   3.93232791666667       0.606665833333333       -1.32978272695573     
   3.93232791666667       0.908998750000000       -1.04175685566615     
   3.93232791666667        1.21133166666667      -0.783025155922416     
   3.93232791666667        1.51366458333333      -0.599617085094506     
   3.93232791666667        1.81599750000000      -0.479746176470001     
   3.93232791666667        2.11833041666667      -0.399016430472485     
   3.93232791666667        2.42066333333333      -0.343459661865948     
   3.93232791666667        2.72299625000000      -0.304092670856513     
   3.93232791666667        3.02532916666667      -0.274883102180493     
   3.93232791666667        3.32766208333333      -0.251934072954126     
   3.93232791666667        3.62999500000000      -0.232968749502265     
   3.93232791666667        3.93232791666667      -0.216807701750524     
   3.93232791666667        4.23466083333333      -0.202848917351018     
   3.93232791666667        4.53699375000000      -0.190677205942856     
   3.93232791666667        4.83932666666667      -0.179888630593210     
   3.93232791666667        5.14165958333333      -0.170104284941702     
   3.93232791666667        5.44399250000000      -0.161056548523539     
   3.93232791666667        5.74632541666667      -0.152624196903682     
   3.93232791666667        6.04865833333333      -0.144751368355151     
   3.93232791666667        6.35099125000000      -0.137537959549290     
   3.93232791666667        6.65332416666666      -0.131535580813706     
   3.93232791666667        6.95565708333333      -0.127498349761551     
   3.93232791666667        7.25799000000000      -0.124395739776383     
   4.23466083333333       2.000000000000000E-003  -1.38200530763205     
   4.23466083333333       0.304332916666667       -1.31464700402435     
   4.23466083333333       0.606665833333333       -1.13382402502135     
   4.23466083333333       0.908998750000000      -0.907077689900037     
   4.23466083333333        1.21133166666667      -0.702901435394451     
   4.23466083333333        1.51366458333333      -0.556151303002413     
   4.23466083333333        1.81599750000000      -0.454765434342890     
   4.23466083333333        2.11833041666667      -0.384286857839373     
   4.23466083333333        2.42066333333333      -0.334669994544069     
   4.23466083333333        2.72299625000000      -0.298720017637389     
   4.23466083333333        3.02532916666667      -0.271388296720231     
   4.23466083333333        3.32766208333333      -0.249414459866438     
   4.23466083333333        3.62999500000000      -0.230952591595842     
   4.23466083333333        3.93232791666667      -0.215089520551678     
   4.23466083333333        4.23466083333333      -0.201355468576548     
   4.23466083333333        4.53699375000000      -0.189377964724357     
   4.23466083333333        4.83932666666667      -0.178755845631220     
   4.23466083333333        5.14165958333333      -0.169109746949372     
   4.23466083333333        5.44399250000000      -0.160184841079866     
   4.23466083333333        5.74632541666667      -0.151891368891960     
   4.23466083333333        6.04865833333333      -0.144246815988382     
   4.23466083333333        6.35099125000000      -0.137344938849301     
   4.23466083333333        6.65332416666666      -0.131604367402324     
   4.23466083333333        6.95565708333333      -0.127297541630944     
   4.23466083333333        7.25799000000000      -0.123600849392854     
   4.53699375000000       2.000000000000000E-003  -1.06564384502867     
   4.53699375000000       0.304332916666667       -1.01844474929651     
   4.53699375000000       0.606665833333333      -0.895784094987723     
   4.53699375000000       0.908998750000000      -0.742699949130905     
   4.53699375000000        1.21133166666667      -0.605233823686659     
   4.53699375000000        1.51366458333333      -0.499034433398348     
   4.53699375000000        1.81599750000000      -0.420518439168906     
   4.53699375000000        2.11833041666667      -0.363498467371059     
   4.53699375000000        2.42066333333333      -0.321903529565068     
   4.53699375000000        2.72299625000000      -0.290631197040349     
   4.53699375000000        3.02532916666667      -0.265900375835241     
   4.53699375000000        3.32766208333333      -0.245307859560535     
   4.53699375000000        3.62999500000000      -0.227590970610527     
   4.53699375000000        3.93232791666667      -0.212192657339472     
   4.53699375000000        4.23466083333333      -0.198817507151350     
   4.53699375000000        4.53699375000000      -0.187151068092302     
   4.53699375000000        4.83932666666667      -0.176801453110085     
   4.53699375000000        5.14165958333333      -0.167394931699305     
   4.53699375000000        5.44399250000000      -0.158694237035016     
   4.53699375000000        5.74632541666667      -0.150636533799570     
   4.53699375000000        6.04865833333333      -0.143275433628027     
   4.53699375000000        6.35099125000000      -0.136693670591771     
   4.53699375000000        6.65332416666666      -0.131034193982632     
   4.53699375000000        6.95565708333333      -0.126349668810979     
   4.53699375000000        7.25799000000000      -0.122133334387138     
   4.83932666666667       2.000000000000000E-003 -0.783689216868224     
   4.83932666666667       0.304332916666667      -0.756510070245601     
   4.83932666666667       0.606665833333333      -0.686162412776041     
   4.83932666666667       0.908998750000000      -0.598150366576196     
   4.83932666666667        1.21133166666667      -0.513094704984724     
   4.83932666666667        1.51366458333333      -0.440946570603537     
   4.83932666666667        1.81599750000000      -0.383944561355992     
   4.83932666666667        2.11833041666667      -0.340386528449606     
   4.83932666666667        2.42066333333333      -0.307063378358492     
   4.83932666666667        2.72299625000000      -0.280700430517519     
   4.83932666666667        3.02532916666667      -0.258760572399285     
   4.83932666666667        3.32766208333333      -0.239718660033626     
   4.83932666666667        3.62999500000000      -0.222904955451254     
   4.83932666666667        3.93232791666667      -0.208113859141086     
   4.83932666666667        4.23466083333333      -0.195218301229468     
   4.83932666666667        4.53699375000000      -0.183965011351551     
   4.83932666666667        4.83932666666667      -0.173984520119815     
   4.83932666666667        5.14165958333333      -0.164923609033499     
   4.83932666666667        5.44399250000000      -0.156567587806669     
   4.83932666666667        5.74632541666667      -0.148866098822941     
   4.83932666666667        6.04865833333333      -0.141865589637607     
   4.83932666666667        6.35099125000000      -0.135613469444868     
   4.83932666666667        6.65332416666666      -0.130096249976436     
   4.83932666666667        6.95565708333333      -0.125210160177762     
   4.83932666666667        7.25799000000000      -0.120733087952519     
   5.14165958333333       2.000000000000000E-003 -0.583497588684705     
   5.14165958333333       0.304332916666667      -0.570239116534645     
   5.14165958333333       0.606665833333333      -0.534518269924274     
   5.14165958333333       0.908998750000000      -0.486898433554022     
   5.14165958333333        1.21133166666667      -0.436289080805465     
   5.14165958333333        1.51366458333333      -0.389517093183498     
   5.14165958333333        1.81599750000000      -0.349903389684539     
   5.14165958333333        2.11833041666667      -0.317740527636281     
   5.14165958333333        2.42066333333333      -0.291603406763637     
   5.14165958333333        2.72299625000000      -0.269606752886883     
   5.14165958333333        3.02532916666667      -0.250256727910852     
   5.14165958333333        3.32766208333333      -0.232775386250900     
   5.14165958333333        3.62999500000000      -0.216978417226470     
   5.14165958333333        3.93232791666667      -0.202929886179449     
   5.14165958333333        4.23466083333333      -0.190627302168191     
   5.14165958333333        4.53699375000000      -0.179873824195557     
   5.14165958333333        4.83932666666667      -0.170342819707143     
   5.14165958333333        5.14165958333333      -0.161725088115408     
   5.14165958333333        5.44399250000000      -0.153836249150982     
   5.14165958333333        5.74632541666667      -0.146624671720762     
   5.14165958333333        6.04865833333333      -0.140100699990138     
   5.14165958333333        6.35099125000000      -0.134250449026525     
   5.14165958333333        6.65332416666666      -0.128992272698973     
   5.14165958333333        6.95565708333333      -0.124197839252766     
   5.14165958333333        7.25799000000000      -0.119704711216525     
   5.44399250000000       2.000000000000000E-003 -0.459016835426243     
   5.44399250000000       0.304332916666667      -0.451876616683454     
   5.44399250000000       0.606665833333333      -0.432726332713889     
   5.44399250000000       0.908998750000000      -0.405843050728515     
   5.44399250000000        1.21133166666667      -0.376367374260417     
   5.44399250000000        1.51366458333333      -0.347422300103234     
   5.44399250000000        1.81599750000000      -0.320532405762020     
   5.44399250000000        2.11833041666667      -0.296899737588785     
   5.44399250000000        2.42066333333333      -0.276264837140486     
   5.44399250000000        2.72299625000000      -0.257745440146499     
   5.44399250000000        3.02532916666667      -0.240626825295474     
   5.44399250000000        3.32766208333333      -0.224667489405495     
   5.44399250000000        3.62999500000000      -0.209998399303813     
   5.44399250000000        3.93232791666667      -0.196835405835428     
   5.44399250000000        4.23466083333333      -0.185239369048355     
   5.44399250000000        4.53699375000000      -0.175059752099154     
   5.44399250000000        4.83932666666667      -0.166035825039786     
   5.44399250000000        5.14165958333333      -0.157930380150381     
   5.44399250000000        5.44399250000000      -0.150600402507671     
   5.44399250000000        5.74632541666667      -0.143985398511754     
   5.44399250000000        6.04865833333333      -0.138050187931782     
   5.44399250000000        6.35099125000000      -0.132726509596981     
   5.44399250000000        6.65332416666666      -0.127875648369186     
   5.44399250000000        6.95565708333333      -0.123333378326196     
   5.44399250000000        7.25799000000000      -0.118970176036731     
   5.74632541666667       2.000000000000000E-003 -0.383351505875936     
   5.74632541666667       0.304332916666667      -0.379247454911520     
   5.74632541666667       0.606665833333333      -0.367989492422067     
   5.74632541666667       0.908998750000000      -0.351979845287124     
   5.74632541666667        1.21133166666667      -0.333584291259957     
   5.74632541666667        1.51366458333333      -0.314652389181787     
   5.74632541666667        1.81599750000000      -0.295989818948078     
   5.74632541666667        2.11833041666667      -0.278059638027088     
   5.74632541666667        2.42066333333333      -0.261250850060303     
   5.74632541666667        2.72299625000000      -0.245346811180889     
   5.74632541666667        3.02532916666667      -0.230131958706813     
   5.74632541666667        3.32766208333333      -0.215670722866639     
   5.74632541666667        3.62999500000000      -0.202243044442204     
   5.74632541666667        3.93232791666667      -0.190117737617308     
   5.74632541666667        4.23466083333333      -0.179356155566748     
   5.74632541666667        4.53699375000000      -0.169823239959341     
   5.74632541666667        4.83932666666667      -0.161337879242101     
   5.74632541666667        5.14165958333333      -0.153764977197232     
   5.74632541666667        5.44399250000000      -0.147017814594824     
   5.74632541666667        5.74632541666667      -0.141043476931387     
   5.74632541666667        6.04865833333333      -0.135789098759184     
   5.74632541666667        6.35099125000000      -0.131082325172228     
   5.74632541666667        6.65332416666666      -0.126730091795735     
   5.74632541666667        6.95565708333333      -0.122544528119320     
   5.74632541666667        7.25799000000000      -0.118370747836643     
   6.04865833333333       2.000000000000000E-003 -0.339645201127536     
   6.04865833333333       0.304332916666667      -0.336440337015243     
   6.04865833333333       0.606665833333333      -0.328116630193189     
   6.04865833333333       0.908998750000000      -0.316769579196901     
   6.04865833333333        1.21133166666667      -0.303809247749756     
   6.04865833333333        1.51366458333333      -0.289930954177374     
   6.04865833333333        1.81599750000000      -0.275516422706360     
   6.04865833333333        2.11833041666667      -0.260889248870204     
   6.04865833333333        2.42066333333333      -0.246578194260166     
   6.04865833333333        2.72299625000000      -0.232649675181994     
   6.04865833333333        3.02532916666667      -0.219101280980620     
   6.04865833333333        3.32766208333333      -0.206087074563969     
   6.04865833333333        3.62999500000000      -0.193948839199710     
   6.04865833333333        3.93232791666667      -0.183020628729768     
   6.04865833333333        4.23466083333333      -0.173297983664993     
   6.04865833333333        4.53699375000000      -0.164518354331325     
   6.04865833333333        4.83932666666667      -0.156574985221506     
   6.04865833333333        5.14165958333333      -0.149488950730059     
   6.04865833333333        5.44399250000000      -0.143264830525161     
   6.04865833333333        5.74632541666667      -0.137958527602063     
   6.04865833333333        6.04865833333333      -0.133402984945362     
   6.04865833333333        6.35099125000000      -0.129334044462048     
   6.04865833333333        6.65332416666666      -0.125517425719487     
   6.04865833333333        6.95565708333333      -0.121746055538314     
   6.04865833333333        7.25799000000000      -0.117784702228255     
   6.35099125000000       2.000000000000000E-003 -0.314399714853816     
   6.35099125000000       0.304332916666667      -0.310720934467753     
   6.35099125000000       0.606665833333333      -0.302201551687871     
   6.35099125000000       0.908998750000000      -0.292205903863466     
   6.35099125000000        1.21133166666667      -0.281556592146487     
   6.35099125000000        1.51366458333333      -0.270081209099185     
   6.35099125000000        1.81599750000000      -0.257790201538828     
   6.35099125000000        2.11833041666667      -0.244979803335356     
   6.35099125000000        2.42066333333333      -0.232324877393745     
   6.35099125000000        2.72299625000000      -0.219975329155572     
   6.35099125000000        3.02532916666667      -0.207865369789601     
   6.35099125000000        3.32766208333333      -0.196141200589301     
   6.35099125000000        3.62999500000000      -0.185446548668762     
   6.35099125000000        3.93232791666667      -0.176079131260908     
   6.35099125000000        4.23466083333333      -0.167528418696643     
   6.35099125000000        4.53699375000000      -0.159494485531693     
   6.35099125000000        4.83932666666667      -0.152035716830554     
   6.35099125000000        5.14165958333333      -0.145307962339864     
   6.35099125000000        5.44399250000000      -0.139553031287096     
   6.35099125000000        5.74632541666667      -0.134884109392070     
   6.35099125000000        6.04865833333333      -0.131007217311347     
   6.35099125000000        6.35099125000000      -0.127568119191562     
   6.35099125000000        6.65332416666666      -0.124236872473559     
   6.35099125000000        6.95565708333333      -0.120832614367677     
   6.35099125000000        7.25799000000000      -0.117066231476296     
   6.65332416666666       2.000000000000000E-003 -0.292599933490022     
   6.65332416666666       0.304332916666667      -0.288862982794073     
   6.65332416666666       0.606665833333333      -0.280436865438430     
   6.65332416666666       0.908998750000000      -0.271674393091823     
   6.65332416666666        1.21133166666667      -0.262602251091362     
   6.65332416666666        1.51366458333333      -0.252545343786809     
   6.65332416666666        1.81599750000000      -0.241522327011004     
   6.65332416666666        2.11833041666667      -0.230011452114442     
   6.65332416666666        2.42066333333333      -0.218682069262819     
   6.65332416666666        2.72299625000000      -0.207740626642903     
   6.65332416666666        3.02532916666667      -0.197052682692452     
   6.65332416666666        3.32766208333333      -0.186715571082172     
   6.65332416666666        3.62999500000000      -0.177828529588538     
   6.65332416666666        3.93232791666667      -0.170578889092976     
   6.65332416666666        4.23466083333333      -0.163224421263636     
   6.65332416666666        4.53699375000000      -0.155314784174287     
   6.65332416666666        4.83932666666667      -0.147886119882083     
   6.65332416666666        5.14165958333333      -0.141310936098473     
   6.65332416666666        5.44399250000000      -0.135987757096981     
   6.65332416666666        5.74632541666667      -0.131885887997132     
   6.65332416666666        6.04865833333333      -0.128689313659945     
   6.65332416666666        6.35099125000000      -0.125910903227348     
   6.65332416666666        6.65332416666666      -0.122957864612234     
   6.65332416666666        6.95565708333333      -0.119635338698240     
   6.65332416666666        7.25799000000000      -0.115933499944573     
   6.95565708333333       2.000000000000000E-003 -0.258411748889778     
   6.95565708333333       0.304332916666667      -0.262153943095336     
   6.95565708333333       0.606665833333333      -0.258021091637850     
   6.95565708333333       0.908998750000000      -0.251927794413072     
   6.95565708333333        1.21133166666667      -0.244706128686820     
   6.95565708333333        1.51366458333333      -0.235968838453425     
   6.95565708333333        1.81599750000000      -0.226138746091446     
   6.95565708333333        2.11833041666667      -0.215873050748361     
   6.95565708333333        2.42066333333333      -0.205910510299885     
   6.95565708333333        2.72299625000000      -0.196625639396370     
   6.95565708333333        3.02532916666667      -0.187932500288185     
   6.95565708333333        3.32766208333333      -0.179832069723522     
   6.95565708333333        3.62999500000000      -0.173118975233167     
   6.95565708333333        3.93232791666667      -0.167399275647741     
   6.95565708333333        4.23466083333333      -0.160406344131896     
   6.95565708333333        4.53699375000000      -0.151966485415242     
   6.95565708333333        4.83932666666667      -0.144029677018491     
   6.95565708333333        5.14165958333333      -0.137477674283217     
   6.95565708333333        5.44399250000000      -0.132489334415439     
   6.95565708333333        5.74632541666667      -0.128894824743859     
   6.95565708333333        6.04865833333333      -0.126346236360422     
   6.95565708333333        6.35099125000000      -0.124299829386834     
   6.95565708333333        6.65332416666666      -0.121761634813846     
   6.95565708333333        6.95565708333333      -0.117931988391525     
   6.95565708333333        7.25799000000000      -0.113918853018980     
   7.25799000000000       2.000000000000000E-003 -0.234061283289454     
   7.25799000000000       0.304332916666667      -0.238175295942534     
   7.25799000000000       0.606665833333333      -0.236736657206244     
   7.25799000000000       0.908998750000000      -0.232857770977637     
   7.25799000000000        1.21133166666667      -0.227244940936531     
   7.25799000000000        1.51366458333333      -0.219963737351192     
   7.25799000000000        1.81599750000000      -0.211525932807164     
   7.25799000000000        2.11833041666667      -0.202686683514388     
   7.25799000000000        2.42066333333333      -0.194258255108059     
   7.25799000000000        2.72299625000000      -0.186846458112180     
   7.25799000000000        3.02532916666667      -0.180587719766769     
   7.25799000000000        3.32766208333333      -0.175345409447091     
   7.25799000000000        3.62999500000000      -0.170488261741082     
   7.25799000000000        3.93232791666667      -0.163607345564651     
   7.25799000000000        4.23466083333333      -0.156665609344657     
   7.25799000000000        4.53699375000000      -0.147984688363817     
   7.25799000000000        4.83932666666667      -0.139951689003713     
   7.25799000000000        5.14165958333333      -0.133560890708938     
   7.25799000000000        5.44399250000000      -0.128939786013059     
   7.25799000000000        5.74632541666667      -0.125739058815857     
   7.25799000000000        6.04865833333333      -0.123637045059054     
   7.25799000000000        6.35099125000000      -0.122095614484246     
   7.25799000000000        6.65332416666666      -0.119938043316471     
   7.25799000000000        6.95565708333333      -0.115495507694754     
   7.25799000000000        7.25799000000000      -0.111518551134162     
