  2.000000000000000E-003  2.000000000000000E-003  -1.63932271394260     
  2.000000000000000E-003  0.304332916666667       -1.48034425328461     
  2.000000000000000E-003  0.606665833333333       -1.31606575647006     
  2.000000000000000E-003  0.908998750000000       -1.07020697701320     
  2.000000000000000E-003   1.21133166666667      -0.832019990941801     
  2.000000000000000E-003   1.51366458333333      -0.654783715696723     
  2.000000000000000E-003   1.81599750000000      -0.529209434588177     
  2.000000000000000E-003   2.11833041666667      -0.436174840156918     
  2.000000000000000E-003   2.42066333333333      -0.363312275441214     
  2.000000000000000E-003   2.72299625000000      -0.306945139688151     
  2.000000000000000E-003   3.02532916666667      -0.266646805746616     
  2.000000000000000E-003   3.32766208333333      -0.244400163455442     
  2.000000000000000E-003   3.62999500000000      -0.234070811641484     
  2.000000000000000E-003   3.93232791666667      -0.211809713973977     
  2.000000000000000E-003   4.23466083333333      -0.194565999357019     
  2.000000000000000E-003   4.53699375000000      -0.177104578912545     
  2.000000000000000E-003   4.83932666666667      -0.162368069792053     
  2.000000000000000E-003   5.14165958333333      -0.151105160419915     
  2.000000000000000E-003   5.44399250000000      -0.143463476711118     
  2.000000000000000E-003   5.74632541666667      -0.139206646536176     
  2.000000000000000E-003   6.04865833333333      -0.137612153361763     
  2.000000000000000E-003   6.35099125000000      -0.137326224917775     
  2.000000000000000E-003   6.65332416666666      -0.135626655319377     
  2.000000000000000E-003   6.95565708333333      -0.128647989947978     
  2.000000000000000E-003   7.25799000000000      -0.122782288827289     
  0.304332916666667       2.000000000000000E-003  -1.48047445444768     
  0.304332916666667       0.304332916666667       -1.41681059930320     
  0.304332916666667       0.606665833333333       -1.26236310342577     
  0.304332916666667       0.908998750000000       -1.02736847907842     
  0.304332916666667        1.21133166666667      -0.806156427985039     
  0.304332916666667        1.51366458333333      -0.640109233689657     
  0.304332916666667        1.81599750000000      -0.520741381128563     
  0.304332916666667        2.11833041666667      -0.431318745272252     
  0.304332916666667        2.42066333333333      -0.361253734218162     
  0.304332916666667        2.72299625000000      -0.306896101538003     
  0.304332916666667        3.02532916666667      -0.268323733749928     
  0.304332916666667        3.32766208333333      -0.245900987565025     
  0.304332916666667        3.62999500000000      -0.232232318501228     
  0.304332916666667        3.93232791666667      -0.214045824517134     
  0.304332916666667        4.23466083333333      -0.195025746936269     
  0.304332916666667        4.53699375000000      -0.177098154364090     
  0.304332916666667        4.83932666666667      -0.162538307149316     
  0.304332916666667        5.14165958333333      -0.151370720512561     
  0.304332916666667        5.44399250000000      -0.143675589661167     
  0.304332916666667        5.74632541666667      -0.139355877548520     
  0.304332916666667        6.04865833333333      -0.137538299782860     
  0.304332916666667        6.35099125000000      -0.136898196979462     
  0.304332916666667        6.65332416666666      -0.135109528537763     
  0.304332916666667        6.95565708333333      -0.130062030184266     
  0.304332916666667        7.25799000000000      -0.124027624965364     
  0.606665833333333       2.000000000000000E-003  -1.31639600169543     
  0.606665833333333       0.304332916666667       -1.26257576033713     
  0.606665833333333       0.606665833333333       -1.11194406773294     
  0.606665833333333       0.908998750000000      -0.916922483440489     
  0.606665833333333        1.21133166666667      -0.738950249515998     
  0.606665833333333        1.51366458333333      -0.601083123335597     
  0.606665833333333        1.81599750000000      -0.497537465303609     
  0.606665833333333        2.11833041666667      -0.417558953252243     
  0.606665833333333        2.42066333333333      -0.354638429283628     
  0.606665833333333        2.72299625000000      -0.305225477202836     
  0.606665833333333        3.02532916666667      -0.269792136760126     
  0.606665833333333        3.32766208333333      -0.246954596087265     
  0.606665833333333        3.62999500000000      -0.230714253398929     
  0.606665833333333        3.93232791666667      -0.213165811873389     
  0.606665833333333        4.23466083333333      -0.194040284761530     
  0.606665833333333        4.53699375000000      -0.176559069327611     
  0.606665833333333        4.83932666666667      -0.162763183439580     
  0.606665833333333        5.14165958333333      -0.151891501296174     
  0.606665833333333        5.44399250000000      -0.144279184412567     
  0.606665833333333        5.74632541666667      -0.139738672380391     
  0.606665833333333        6.04865833333333      -0.137362541131010     
  0.606665833333333        6.35099125000000      -0.135848792154445     
  0.606665833333333        6.65332416666666      -0.133454626049298     
  0.606665833333333        6.95565708333333      -0.129040723431730     
  0.606665833333333        7.25799000000000      -0.123631804197097     
  0.908998750000000       2.000000000000000E-003  -1.07058765481812     
  0.908998750000000       0.304332916666667       -1.02767175043729     
  0.908998750000000       0.606665833333333      -0.917062808695481     
  0.908998750000000       0.908998750000000      -0.780437815050497     
  0.908998750000000        1.21133166666667      -0.653225559148028     
  0.908998750000000        1.51366458333333      -0.548464756048767     
  0.908998750000000        1.81599750000000      -0.464665133569927     
  0.908998750000000        2.11833041666667      -0.397091808574463     
  0.908998750000000        2.42066333333333      -0.342910601458016     
  0.908998750000000        2.72299625000000      -0.299874170571006     
  0.908998750000000        3.02532916666667      -0.267275729565281     
  0.908998750000000        3.32766208333333      -0.243928978147386     
  0.908998750000000        3.62999500000000      -0.225691034321589     
  0.908998750000000        3.93232791666667      -0.208265225107720     
  0.908998750000000        4.23466083333333      -0.190842110012033     
  0.908998750000000        4.53699375000000      -0.175200568628879     
  0.908998750000000        4.83932666666667      -0.162529932919342     
  0.908998750000000        5.14165958333333      -0.152504401361640     
  0.908998750000000        5.44399250000000      -0.145027483337467     
  0.908998750000000        5.74632541666667      -0.140226912012269     
  0.908998750000000        6.04865833333333      -0.137144977099669     
  0.908998750000000        6.35099125000000      -0.134683247673589     
  0.908998750000000        6.65332416666666      -0.131685168867232     
  0.908998750000000        6.95565708333333      -0.127558396869129     
  0.908998750000000        7.25799000000000      -0.122828809701853     
   1.21133166666667       2.000000000000000E-003 -0.832363125526869     
   1.21133166666667       0.304332916666667      -0.806453748071469     
   1.21133166666667       0.606665833333333      -0.739139616806685     
   1.21133166666667       0.908998750000000      -0.653304530745674     
   1.21133166666667        1.21133166666667      -0.568100685004630     
   1.21133166666667        1.51366458333333      -0.492352876376675     
   1.21133166666667        1.81599750000000      -0.427418668496515     
   1.21133166666667        2.11833041666667      -0.372624384902773     
   1.21133166666667        2.42066333333333      -0.327248311448227     
   1.21133166666667        2.72299625000000      -0.290343594512297     
   1.21133166666667        3.02532916666667      -0.261020171751812     
   1.21133166666667        3.32766208333333      -0.238066142055249     
   1.21133166666667        3.62999500000000      -0.219343267675209     
   1.21133166666667        3.93232791666667      -0.202579840004970     
   1.21133166666667        4.23466083333333      -0.187058180600281     
   1.21133166666667        4.53699375000000      -0.173347202395006     
   1.21133166666667        4.83932666666667      -0.161934266509240     
   1.21133166666667        5.14165958333333      -0.152831789120761     
   1.21133166666667        5.44399250000000      -0.145746836260433     
   1.21133166666667        5.74632541666667      -0.140632909156001     
   1.21133166666667        6.04865833333333      -0.136867488935651     
   1.21133166666667        6.35099125000000      -0.133604277307979     
   1.21133166666667        6.65332416666666      -0.130137575302241     
   1.21133166666667        6.95565708333333      -0.126150568988257     
   1.21133166666667        7.25799000000000      -0.121803581462448     
   1.51366458333333       2.000000000000000E-003 -0.655061356301319     
   1.51366458333333       0.304332916666667      -0.640359772289580     
   1.51366458333333       0.606665833333333      -0.601266996940376     
   1.51366458333333       0.908998750000000      -0.548571420929161     
   1.51366458333333        1.21133166666667      -0.492395316401526     
   1.51366458333333        1.51366458333333      -0.438615487964296     
   1.51366458333333        1.81599750000000      -0.389660982602239     
   1.51366458333333        2.11833041666667      -0.346522091747596     
   1.51366458333333        2.42066333333333      -0.309380897483394     
   1.51366458333333        2.72299625000000      -0.278087298725838     
   1.51366458333333        3.02532916666667      -0.252212186920813     
   1.51366458333333        3.32766208333333      -0.230934975623881     
   1.51366458333333        3.62999500000000      -0.213064047346916     
   1.51366458333333        3.93232791666667      -0.197459844820236     
   1.51366458333333        4.23466083333333      -0.183566333574846     
   1.51366458333333        4.53699375000000      -0.171409626031724     
   1.51366458333333        4.83932666666667      -0.161166857371413     
   1.51366458333333        5.14165958333333      -0.152830301526568     
   1.51366458333333        5.44399250000000      -0.146146562929547     
   1.51366458333333        5.74632541666667      -0.140786572122313     
   1.51366458333333        6.04865833333333      -0.136416712032660     
   1.51366458333333        6.35099125000000      -0.132502363975039     
   1.51366458333333        6.65332416666666      -0.128633169942050     
   1.51366458333333        6.95565708333333      -0.124618501440344     
   1.51366458333333        7.25799000000000      -0.120475025395726     
   1.81599750000000       2.000000000000000E-003 -0.529415454275002     
   1.81599750000000       0.304332916666667      -0.520932262500680     
   1.81599750000000       0.606665833333333      -0.497688758587157     
   1.81599750000000       0.908998750000000      -0.464767242636186     
   1.81599750000000        1.21133166666667      -0.427474935357086     
   1.81599750000000        1.51366458333333      -0.389682741491394     
   1.81599750000000        1.81599750000000      -0.353626060636810     
   1.81599750000000        2.11833041666667      -0.320424101468554     
   1.81599750000000        2.42066333333333      -0.290653729656398     
   1.81599750000000        2.72299625000000      -0.264585897482470     
   1.81599750000000        3.02532916666667      -0.242208034722885     
   1.81599750000000        3.32766208333333      -0.223180240867861     
   1.81599750000000        3.62999500000000      -0.206900879174319     
   1.81599750000000        3.93232791666667      -0.192742713746548     
   1.81599750000000        4.23466083333333      -0.180306267372162     
   1.81599750000000        4.53699375000000      -0.169469122355717     
   1.81599750000000        4.83932666666667      -0.160223423099015     
   1.81599750000000        5.14165958333333      -0.152483414337524     
   1.81599750000000        5.44399250000000      -0.146015305192469     
   1.81599750000000        5.74632541666667      -0.140506110430546     
   1.81599750000000        6.04865833333333      -0.135669219254989     
   1.81599750000000        6.35099125000000      -0.131246888833886     
   1.81599750000000        6.65332416666666      -0.127035016272732     
   1.81599750000000        6.95565708333333      -0.122937502489708     
   1.81599750000000        7.25799000000000      -0.118909153471381     
   2.11833041666667       2.000000000000000E-003 -0.436310954262380     
   2.11833041666667       0.304332916666667      -0.431447232315832     
   2.11833041666667       0.606665833333333      -0.417667295302373     
   2.11833041666667       0.908998750000000      -0.397172618135237     
   2.11833041666667        1.21133166666667      -0.372677354624617     
   2.11833041666667        1.51366458333333      -0.346551224979098     
   2.11833041666667        1.81599750000000      -0.320435391197665     
   2.11833041666667        2.11833041666667      -0.295344510643795     
   2.11833041666667        2.42066333333333      -0.271924598471643     
   2.11833041666667        2.72299625000000      -0.250618101817762     
   2.11833041666667        3.02532916666667      -0.231675343710012     
   2.11833041666667        3.32766208333333      -0.215103098838609     
   2.11833041666667        3.62999500000000      -0.200679277896293     
   2.11833041666667        3.93232791666667      -0.188077619480671     
   2.11833041666667        4.23466083333333      -0.177020658707598     
   2.11833041666667        4.53699375000000      -0.167344842510492     
   2.11833041666667        4.83932666666667      -0.158947125149024     
   2.11833041666667        5.14165958333333      -0.151690322353906     
   2.11833041666667        5.44399250000000      -0.145363181955152     
   2.11833041666667        5.74632541666667      -0.139724101071237     
   2.11833041666667        6.04865833333333      -0.134575997739966     
   2.11833041666667        6.35099125000000      -0.129800955873433     
   2.11833041666667        6.65332416666666      -0.125342119105739     
   2.11833041666667        6.95565708333333      -0.121173943073601     
   2.11833041666667        7.25799000000000      -0.117244237338046     
   2.42066333333333       2.000000000000000E-003 -0.363380765307091     
   2.42066333333333       0.304332916666667      -0.361321857336333     
   2.42066333333333       0.606665833333333      -0.354703276222396     
   2.42066333333333       0.908998750000000      -0.342966420433355     
   2.42066333333333        1.21133166666667      -0.327290643444074     
   2.42066333333333        1.51366458333333      -0.309408535941710     
   2.42066333333333        1.81599750000000      -0.290668398831053     
   2.42066333333333        2.11833041666667      -0.271929856776155     
   2.42066333333333        2.42066333333333      -0.253771433717110     
   2.42066333333333        2.72299625000000      -0.236653760518216     
   2.42066333333333        3.02532916666667      -0.220937307951922     
   2.42066333333333        3.32766208333333      -0.206819552817688     
   2.42066333333333        3.62999500000000      -0.194303390347281     
   2.42066333333333        3.93232791666667      -0.183250175260422     
   2.42066333333333        4.23466083333333      -0.173478091201530     
   2.42066333333333        4.53699375000000      -0.164828365003530     
   2.42066333333333        4.83932666666667      -0.157163741929247     
   2.42066333333333        5.14165958333333      -0.150332709407778     
   2.42066333333333        5.44399250000000      -0.144157760397052     
   2.42066333333333        5.74632541666667      -0.138469855318319     
   2.42066333333333        6.04865833333333      -0.133158230726016     
   2.42066333333333        6.35099125000000      -0.128190922410249     
   2.42066333333333        6.65332416666666      -0.123596228469809     
   2.42066333333333        6.95565708333333      -0.119423593874835     
   2.42066333333333        7.25799000000000      -0.115659409940370     
   2.72299625000000       2.000000000000000E-003 -0.306954321145025     
   2.72299625000000       0.304332916666667      -0.306911259299519     
   2.72299625000000       0.606665833333333      -0.305251410038541     
   2.72299625000000       0.908998750000000      -0.299905795590274     
   2.72299625000000        1.21133166666667      -0.290372531694219     
   2.72299625000000        1.51366458333333      -0.278108601067562     
   2.72299625000000        1.81599750000000      -0.264598691560012     
   2.72299625000000        2.11833041666667      -0.250623950592415     
   2.72299625000000        2.42066333333333      -0.236655324405150     
   2.72299625000000        2.72299625000000      -0.223082722381265     
   2.72299625000000        3.02532916666667      -0.210260843311771     
   2.72299625000000        3.32766208333333      -0.198449963887752     
   2.72299625000000        3.62999500000000      -0.187760968740024     
   2.72299625000000        3.93232791666667      -0.178165597681885     
   2.72299625000000        4.23466083333333      -0.169557423408014     
   2.72299625000000        4.53699375000000      -0.161808694681803     
   2.72299625000000        4.83932666666667      -0.154789437978071     
   2.72299625000000        5.14165958333333      -0.148362552747247     
   2.72299625000000        5.44399250000000      -0.142389125494343     
   2.72299625000000        5.74632541666667      -0.136756714899594     
   2.72299625000000        6.04865833333333      -0.131407562577785     
   2.72299625000000        6.35099125000000      -0.126341179405756     
   2.72299625000000        6.65332416666666      -0.121681292695426     
   2.72299625000000        6.95565708333333      -0.117698821352974     
   2.72299625000000        7.25799000000000      -0.114324017218212     
   3.02532916666667       2.000000000000000E-003 -0.266614870214900     
   3.02532916666667       0.304332916666667      -0.268303824375972     
   3.02532916666667       0.606665833333333      -0.269792819060793     
   3.02532916666667       0.908998750000000      -0.267289138740213     
   3.02532916666667        1.21133166666667      -0.261036740511532     
   3.02532916666667        1.51366458333333      -0.252225532808778     
   3.02532916666667        1.81599750000000      -0.242216172192263     
   3.02532916666667        2.11833041666667      -0.231678801685982     
   3.02532916666667        2.42066333333333      -0.220937760468205     
   3.02532916666667        2.72299625000000      -0.210260227118299     
   3.02532916666667        3.02532916666667      -0.199923429501496     
   3.02532916666667        3.32766208333333      -0.190166992504947     
   3.02532916666667        3.62999500000000      -0.181131917382965     
   3.02532916666667        3.93232791666667      -0.172847965134809     
   3.02532916666667        4.23466083333333      -0.165267275657079     
   3.02532916666667        4.53699375000000      -0.158305484781754     
   3.02532916666667        4.83932666666667      -0.151863373602181     
   3.02532916666667        5.14165958333333      -0.145834032776326     
   3.02532916666667        5.44399250000000      -0.140115895022042     
   3.02532916666667        5.74632541666667      -0.134633581012402     
   3.02532916666667        6.04865833333333      -0.129341879794071     
   3.02532916666667        6.35099125000000      -0.124231956018565     
   3.02532916666667        6.65332416666666      -0.119605732449145     
   3.02532916666667        6.95565708333333      -0.115977069618846     
   3.02532916666667        7.25799000000000      -0.113251366320440     
   3.32766208333333       2.000000000000000E-003 -0.244366560728492     
   3.32766208333333       0.304332916666667      -0.245879207604013     
   3.32766208333333       0.606665833333333      -0.246950466949947     
   3.32766208333333       0.908998750000000      -0.243934323918852     
   3.32766208333333        1.21133166666667      -0.238073561398142     
   3.32766208333333        1.51366458333333      -0.230940552193829     
   3.32766208333333        1.81599750000000      -0.223182612771787     
   3.32766208333333        2.11833041666667      -0.215102568433432     
   3.32766208333333        2.42066333333333      -0.206817240717304     
   3.32766208333333        2.72299625000000      -0.198447237573578     
   3.32766208333333        3.02532916666667      -0.190165115949896     
   3.32766208333333        3.32766208333333      -0.182153329875418     
   3.32766208333333        3.62999500000000      -0.174544567812272     
   3.32766208333333        3.93232791666667      -0.167396688516953     
   3.32766208333333        4.23466083333333      -0.160706031408712     
   3.32766208333333        4.53699375000000      -0.154431869135170     
   3.32766208333333        4.83932666666667      -0.148512229413183     
   3.32766208333333        5.14165958333333      -0.142874332135836     
   3.32766208333333        5.44399250000000      -0.137450178000749     
   3.32766208333333        5.74632541666667      -0.132190458374014     
   3.32766208333333        6.04865833333333      -0.127041243328893     
   3.32766208333333        6.35099125000000      -0.122012570260507     
   3.32766208333333        6.65332416666666      -0.117492973563874     
   3.32766208333333        6.95565708333333      -0.114321893185161     
   3.32766208333333        7.25799000000000      -0.112368495342649     
   3.62999500000000       2.000000000000000E-003 -0.234060299633460     
   3.62999500000000       0.304332916666667      -0.232223382985784     
   3.62999500000000       0.606665833333333      -0.230711891505771     
   3.62999500000000       0.908998750000000      -0.225691224845256     
   3.62999500000000        1.21133166666667      -0.219342883577091     
   3.62999500000000        1.51366458333333      -0.213061969432772     
   3.62999500000000        1.81599750000000      -0.206896992825627     
   3.62999500000000        2.11833041666667      -0.200673952685536     
   3.62999500000000        2.42066333333333      -0.194297387109348     
   3.62999500000000        2.72299625000000      -0.187755205356474     
   3.62999500000000        3.02532916666667      -0.181127296346614     
   3.62999500000000        3.32766208333333      -0.174541902862621     
   3.62999500000000        3.62999500000000      -0.168116919371761     
   3.62999500000000        3.93232791666667      -0.161926637492639     
   3.62999500000000        4.23466083333333      -0.155999784647894     
   3.62999500000000        4.53699375000000      -0.150330334339356     
   3.62999500000000        4.83932666666667      -0.144887760560918     
   3.62999500000000        5.14165958333333      -0.139628939274307     
   3.62999500000000        5.44399250000000      -0.134516238615893     
   3.62999500000000        5.74632541666667      -0.129529381767488     
   3.62999500000000        6.04865833333333      -0.124635054146930     
   3.62999500000000        6.35099125000000      -0.119912980481412     
   3.62999500000000        6.65332416666666      -0.115798385350049     
   3.62999500000000        6.95565708333333      -0.113148522255185     
   3.62999500000000        7.25799000000000      -0.111518085504932     
   3.93232791666667       2.000000000000000E-003 -0.211767578194941     
   3.93232791666667       0.304332916666667      -0.214016186139374     
   3.93232791666667       0.606665833333333      -0.213149315648518     
   3.93232791666667       0.908998750000000      -0.208253677467480     
   3.93232791666667        1.21133166666667      -0.202569375083519     
   3.93232791666667        1.51366458333333      -0.197449388776754     
   3.93232791666667        1.81599750000000      -0.192732161840282     
   3.93232791666667        2.11833041666667      -0.188067113073219     
   3.93232791666667        2.42066333333333      -0.183240045618759     
   3.93232791666667        2.72299625000000      -0.178156302740074     
   3.93232791666667        3.02532916666667      -0.172840054001861     
   3.93232791666667        3.32766208333333      -0.167390778717037     
   3.93232791666667        3.62999500000000      -0.161923374899331     
   3.93232791666667        3.93232791666667      -0.156527585334351     
   3.93232791666667        4.23466083333333      -0.151254961189858     
   3.93232791666667        4.53699375000000      -0.146121530197954     
   3.93232791666667        4.83932666666667      -0.141116691370972     
   3.93232791666667        5.14165958333333      -0.136218687114366     
   3.93232791666667        5.44399250000000      -0.131416930829444     
   3.93232791666667        5.74632541666667      -0.126727691491631     
   3.93232791666667        6.04865833333333      -0.122176894377301     
   3.93232791666667        6.35099125000000      -0.117926552871531     
   3.93232791666667        6.65332416666666      -0.114441200656949     
   3.93232791666667        6.95565708333333      -0.112105608251225     
   3.93232791666667        7.25799000000000      -0.109783492396164     
   4.23466083333333       2.000000000000000E-003 -0.194503836415268     
   4.23466083333333       0.304332916666667      -0.194972495871064     
   4.23466083333333       0.606665833333333      -0.194002021314480     
   4.23466083333333       0.908998750000000      -0.190814016316096     
   4.23466083333333        1.21133166666667      -0.187035736930194     
   4.23466083333333        1.51366458333333      -0.183546956343774     
   4.23466083333333        1.81599750000000      -0.180289000492877     
   4.23466083333333        2.11833041666667      -0.177005046961496     
   4.23466083333333        2.42066333333333      -0.173463860833711     
   4.23466083333333        2.72299625000000      -0.169544490949169     
   4.23466083333333        3.02532916666667      -0.165255816323687     
   4.23466083333333        3.32766208333333      -0.160696488591991     
   4.23466083333333        3.62999500000000      -0.155992784003198     
   4.23466083333333        3.93232791666667      -0.151251169531078     
   4.23466083333333        4.23466083333333      -0.146538384294724     
   4.23466083333333        4.53699375000000      -0.141881482878461     
   4.23466083333333        4.83932666666667      -0.137279377127534     
   4.23466083333333        5.14165958333333      -0.132723623083675     
   4.23466083333333        5.44399250000000      -0.128224896038088     
   4.23466083333333        5.74632541666667      -0.123832546258393     
   4.23466083333333        6.04865833333333      -0.119631875144349     
   4.23466083333333        6.35099125000000      -0.115782864426663     
   4.23466083333333        6.65332416666666      -0.112661488032838     
   4.23466083333333        6.95565708333333      -0.110305766933931     
   4.23466083333333        7.25799000000000      -0.107870270631737     
   4.53699375000000       2.000000000000000E-003 -0.177031186932341     
   4.53699375000000       0.304332916666667      -0.177030623525405     
   4.53699375000000       0.606665833333333      -0.176504392716280     
   4.53699375000000       0.908998750000000      -0.175158452675830     
   4.53699375000000        1.21133166666667      -0.173313807480175     
   4.53699375000000        1.51366458333333      -0.171382107726009     
   4.53699375000000        1.81599750000000      -0.169445950760563     
   4.53699375000000        2.11833041666667      -0.167324845174884     
   4.53699375000000        2.42066333333333      -0.164810546651738     
   4.53699375000000        2.72299625000000      -0.161792374985089     
   4.53699375000000        3.02532916666667      -0.158290470085673     
   4.53699375000000        3.32766208333333      -0.154418481324172     
   4.53699375000000        3.62999500000000      -0.150319255212903     
   4.53699375000000        3.93232791666667      -0.146113547625352     
   4.53699375000000        4.23466083333333      -0.141877270268414     
   4.53699375000000        4.53699375000000      -0.137642486328864     
   4.53699375000000        4.83932666666667      -0.133412756141551     
   4.53699375000000        5.14165958333333      -0.129187857355824     
   4.53699375000000        5.44399250000000      -0.124991652276813     
   4.53699375000000        5.74632541666667      -0.120890969206645     
   4.53699375000000        6.04865833333333      -0.116992556945106     
   4.53699375000000        6.35099125000000      -0.113422504811499     
   4.53699375000000        6.65332416666666      -0.110353295388717     
   4.53699375000000        6.95565708333333      -0.107772395529749     
   4.53699375000000        7.25799000000000      -0.105192608201720     
   4.83932666666667       2.000000000000000E-003 -0.162287618240721     
   4.83932666666667       0.304332916666667      -0.162462739216266     
   4.83932666666667       0.606665833333333      -0.162699203150780     
   4.83932666666667       0.908998750000000      -0.162478060686817     
   4.83932666666667        1.21133166666667      -0.161892621002017     
   4.83932666666667        1.51366458333333      -0.161133343454620     
   4.83932666666667        1.81599750000000      -0.160196071254367     
   4.83932666666667        2.11833041666667      -0.158924034840941     
   4.83932666666667        2.42066333333333      -0.157143196640173     
   4.83932666666667        2.72299625000000      -0.154770201756883     
   4.83932666666667        3.02532916666667      -0.151844959094255     
   4.83932666666667        3.32766208333333      -0.148494933576426     
   4.83932666666667        3.62999500000000      -0.144872422299900     
   4.83932666666667        3.93232791666667      -0.141104303162922     
   4.83932666666667        4.23466083333333      -0.137270752830344     
   4.83932666666667        4.53699375000000      -0.133408375257493     
   4.83932666666667        4.83932666666667      -0.129526963660599     
   4.83932666666667        5.14165958333333      -0.125633290099689     
   4.83932666666667        5.44399250000000      -0.121756194696698     
   4.83932666666667        5.74632541666667      -0.117961616599973     
   4.83932666666667        6.04865833333333      -0.114345557607466     
   4.83932666666667        6.35099125000000      -0.111003737765126     
   4.83932666666667        6.65332416666666      -0.107987369422300     
   4.83932666666667        6.95565708333333      -0.105249017555131     
   4.83932666666667        7.25799000000000      -0.102611917540889     
   5.14165958333333       2.000000000000000E-003 -0.151015816933372     
   5.14165958333333       0.304332916666667      -0.151285997316426     
   5.14165958333333       0.606665833333333      -0.151817953434502     
   5.14165958333333       0.908998750000000      -0.152444945296171     
   5.14165958333333        1.21133166666667      -0.152785068461180     
   5.14165958333333        1.51366458333333      -0.152793636039663     
   5.14165958333333        1.81599750000000      -0.152454029891028     
   5.14165958333333        2.11833041666667      -0.151665583661392     
   5.14165958333333        2.42066333333333      -0.150310306261092     
   5.14165958333333        2.72299625000000      -0.148340854447419     
   5.14165958333333        3.02532916666667      -0.145812409691396     
   5.14165958333333        3.32766208333333      -0.142853185526971     
   5.14165958333333        3.62999500000000      -0.139609366687262     
   5.14165958333333        3.93232791666667      -0.136201949558619     
   5.14165958333333        4.23466083333333      -0.132710695664691     
   5.14165958333333        4.53699375000000      -0.129179246192122     
   5.14165958333333        4.83932666666667      -0.125629084811622     
   5.14165958333333        5.14165958333333      -0.122076072503219     
   5.14165958333333        5.44399250000000      -0.118547682035489     
   5.14165958333333        5.74632541666667      -0.115093653569920     
   5.14165958333333        6.04865833333333      -0.111779351531031     
   5.14165958333333        6.35099125000000      -0.108660469072018     
   5.14165958333333        6.65332416666666      -0.105759075555352     
   5.14165958333333        6.95565708333333      -0.103064125132851     
   5.14165958333333        7.25799000000000      -0.100483093819644     
   5.44399250000000       2.000000000000000E-003 -0.143368170450989     
   5.44399250000000       0.304332916666667      -0.143584850586718     
   5.44399250000000       0.606665833333333      -0.144200489169782     
   5.44399250000000       0.908998750000000      -0.144964152587517     
   5.44399250000000        1.21133166666667      -0.145698428365110     
   5.44399250000000        1.51366458333333      -0.146109619629725     
   5.44399250000000        1.81599750000000      -0.145985808071230     
   5.44399250000000        2.11833041666667      -0.145337876659784     
   5.44399250000000        2.42066333333333      -0.144134022801274     
   5.44399250000000        2.72299625000000      -0.142365187168180     
   5.44399250000000        3.02532916666667      -0.140091172109348     
   5.44399250000000        3.32766208333333      -0.137425310354705     
   5.44399250000000        3.62999500000000      -0.134492678279552     
   5.44399250000000        3.93232791666667      -0.131396243115528     
   5.44399250000000        4.23466083333333      -0.128208175028631     
   5.44399250000000        4.53699375000000      -0.124979347254703     
   5.44399250000000        4.83932666666667      -0.121748277230077     
   5.44399250000000        5.14165958333333      -0.118543891051680     
   5.44399250000000        5.44399250000000      -0.115389833242186     
   5.44399250000000        5.74632541666667      -0.112310767546771     
   5.44399250000000        6.04865833333333      -0.109334236266873     
   5.44399250000000        6.35099125000000      -0.106505155415023     
   5.44399250000000        6.65332416666666      -0.103836187364473     
   5.44399250000000        6.95565708333333      -0.101293251328428     
   5.44399250000000        7.25799000000000      -9.884115779393306E-002
   5.74632541666667       2.000000000000000E-003 -0.139113814905148     
   5.74632541666667       0.304332916666667      -0.139267868099284     
   5.74632541666667       0.606665833333333      -0.139662793834173     
   5.74632541666667       0.908998750000000      -0.140166523728214     
   5.74632541666667        1.21133166666667      -0.140587203098353     
   5.74632541666667        1.51366458333333      -0.140751946709943     
   5.74632541666667        1.81599750000000      -0.140477807175138     
   5.74632541666667        2.11833041666667      -0.139698666840999     
   5.74632541666667        2.42066333333333      -0.138444815248647     
   5.74632541666667        2.72299625000000      -0.136730436253272     
   5.74632541666667        3.02532916666667      -0.134605654476677     
   5.74632541666667        3.32766208333333      -0.132161873703533     
   5.74632541666667        3.62999500000000      -0.129502120985876     
   5.74632541666667        3.93232791666667      -0.126703725101729     
   5.74632541666667        4.23466083333333      -0.123812961428220     
   5.74632541666667        4.53699375000000      -0.120875926337285     
   5.74632541666667        4.83932666666667      -0.117950805822314     
   5.74632541666667        5.14165958333333      -0.115086673867714     
   5.74632541666667        5.44399250000000      -0.112307312195877     
   5.74632541666667        5.74632541666667      -0.109623603726878     
   5.74632541666667        6.04865833333333      -0.107062228855956     
   5.74632541666667        6.35099125000000      -0.104612354852998     
   5.74632541666667        6.65332416666666      -0.102241781079313     
   5.74632541666667        6.95565708333333      -9.991013927657966E-002
   5.74632541666667        7.25799000000000      -9.758954709383549E-002
   6.04865833333333       2.000000000000000E-003 -0.137532110360329     
   6.04865833333333       0.304332916666667      -0.137462364619188     
   6.04865833333333       0.606665833333333      -0.137296795409133     
   6.04865833333333       0.908998750000000      -0.137092204515928     
   6.04865833333333        1.21133166666667      -0.136827040753291     
   6.04865833333333        1.51366458333333      -0.136385377214450     
   6.04865833333333        1.81599750000000      -0.135642562516733     
   6.04865833333333        2.11833041666667      -0.134550264267920     
   6.04865833333333        2.42066333333333      -0.133131549152995     
   6.04865833333333        2.72299625000000      -0.131378550834905     
   6.04865833333333        3.02532916666667      -0.129310143473362     
   6.04865833333333        3.32766208333333      -0.127008123099861     
   6.04865833333333        3.62999500000000      -0.124603737866592     
   6.04865833333333        3.93232791666667      -0.122150259076739     
   6.04865833333333        4.23466083333333      -0.119610715227669     
   6.04865833333333        4.53699375000000      -0.116976107172879     
   6.04865833333333        4.83932666666667      -0.114332932827487     
   6.04865833333333        5.14165958333333      -0.111769933376806     
   6.04865833333333        5.44399250000000      -0.109327639303382     
   6.04865833333333        5.74632541666667      -0.107058567186456     
   6.04865833333333        6.04865833333333      -0.104941299380093     
   6.04865833333333        6.35099125000000      -0.102915205286336     
   6.04865833333333        6.65332416666666      -0.100904260802310     
   6.04865833333333        6.95565708333333      -9.882362002889469E-002
   6.04865833333333        7.25799000000000      -9.662581959112444E-002
   6.35099125000000       2.000000000000000E-003 -0.137265632637540     
   6.35099125000000       0.304332916666667      -0.136839951181477     
   6.35099125000000       0.606665833333333      -0.135795981756958     
   6.35099125000000       0.908998750000000      -0.134638637203759     
   6.35099125000000        1.21133166666667      -0.133568401283812     
   6.35099125000000        1.51366458333333      -0.132473031386661     
   6.35099125000000        1.81599750000000      -0.131220631887033     
   6.35099125000000        2.11833041666667      -0.129774325027445     
   6.35099125000000        2.42066333333333      -0.128162188112801     
   6.35099125000000        2.72299625000000      -0.126308910046892     
   6.35099125000000        3.02532916666667      -0.124195405922603     
   6.35099125000000        3.32766208333333      -0.121974117187525     
   6.35099125000000        3.62999500000000      -0.119877855226478     
   6.35099125000000        3.93232791666667      -0.117898768291316     
   6.35099125000000        4.23466083333333      -0.115762100771164     
   6.35099125000000        4.53699375000000      -0.113406301509253     
   6.35099125000000        4.83932666666667      -0.110990445119210     
   6.35099125000000        5.14165958333333      -0.108649424235665     
   6.35099125000000        5.44399250000000      -0.106495941113141     
   6.35099125000000        5.74632541666667      -0.104604997443840     
   6.35099125000000        6.04865833333333      -0.102910470297442     
   6.35099125000000        6.35099125000000      -0.101319488632690     
   6.35099125000000        6.65332416666666      -9.969544170087538E-002
   6.35099125000000        6.95565708333333      -9.787551378459536E-002
   6.35099125000000        7.25799000000000      -9.576400524801465E-002
   6.65332416666666       2.000000000000000E-003 -0.135575290729950     
   6.65332416666666       0.304332916666667      -0.135060858385371     
   6.65332416666666       0.606665833333333      -0.133408396562757     
   6.65332416666666       0.908998750000000      -0.131644009983051     
   6.65332416666666        1.21133166666667      -0.130102827429881     
   6.65332416666666        1.51366458333333      -0.128603245751578     
   6.65332416666666        1.81599750000000      -0.127007190634129     
   6.65332416666666        2.11833041666667      -0.125313753042412     
   6.65332416666666        2.42066333333333      -0.123565354820959     
   6.65332416666666        2.72299625000000      -0.121646200843259     
   6.65332416666666        3.02532916666667      -0.119565599389736     
   6.65332416666666        3.32766208333333      -0.117450430987156     
   6.65332416666666        3.62999500000000      -0.115761399733929     
   6.65332416666666        3.93232791666667      -0.114415369806451     
   6.65332416666666        4.23466083333333      -0.112643681604643     
   6.65332416666666        4.53699375000000      -0.110338819813757     
   6.65332416666666        4.83932666666667      -0.107974203833468     
   6.65332416666666        5.14165958333333      -0.105747140064692     
   6.65332416666666        5.44399250000000      -0.103825352310134     
   6.65332416666666        5.74632541666667      -0.102231707333104     
   6.65332416666666        6.04865833333333      -0.100894882171661     
   6.65332416666666        6.35099125000000      -9.968825780645718E-002
   6.65332416666666        6.65332416666666      -9.838487279822297E-002
   6.65332416666666        6.95565708333333      -9.672037345582915E-002
   6.65332416666666        7.25799000000000      -9.459436881433761E-002
   6.95565708333333       2.000000000000000E-003 -0.128577566915482     
   6.95565708333333       0.304332916666667      -0.130005626069886     
   6.95565708333333       0.606665833333333      -0.128991284447542     
   6.95565708333333       0.908998750000000      -0.127515570042192     
   6.95565708333333        1.21133166666667      -0.126113761864643     
   6.95565708333333        1.51366458333333      -0.124585729006586     
   6.95565708333333        1.81599750000000      -0.122906678345200     
   6.95565708333333        2.11833041666667      -0.121143134141162     
   6.95565708333333        2.42066333333333      -0.119391107620511     
   6.95565708333333        2.72299625000000      -0.117663163300197     
   6.95565708333333        3.02532916666667      -0.115937516530212     
   6.95565708333333        3.32766208333333      -0.114280589260026     
   6.95565708333333        3.62999500000000      -0.113114031390134     
   6.95565708333333        3.93232791666667      -0.112083896935047     
   6.95565708333333        4.23466083333333      -0.110290745494782     
   6.95565708333333        4.53699375000000      -0.107758795265920     
   6.95565708333333        4.83932666666667      -0.105235656756233     
   6.95565708333333        5.14165958333333      -0.103051690869047     
   6.95565708333333        5.44399250000000      -0.101282117257670     
   6.95565708333333        5.74632541666667      -9.989992663668917E-002
   6.95565708333333        6.04865833333333      -9.881338788545926E-002
   6.95565708333333        6.35099125000000      -9.786450716480979E-002
   6.95565708333333        6.65332416666666      -9.671085273852273E-002
   6.95565708333333        6.95565708333333      -9.487259551874375E-002
   6.95565708333333        7.25799000000000      -9.251489925463470E-002
   7.25799000000000       2.000000000000000E-003 -0.122720026887698     
   7.25799000000000       0.304332916666667      -0.123972601325124     
   7.25799000000000       0.606665833333333      -0.123584647754527     
   7.25799000000000       0.908998750000000      -0.122786584152170     
   7.25799000000000        1.21133166666667      -0.121764700558016     
   7.25799000000000        1.51366458333333      -0.120438808606316     
   7.25799000000000        1.81599750000000      -0.118874861507675     
   7.25799000000000        2.11833041666667      -0.117210902576528     
   7.25799000000000        2.42066333333333      -0.115626033977672     
   7.25799000000000        2.72299625000000      -0.114289846231719     
   7.25799000000000        3.02532916666667      -0.113216735315628     
   7.25799000000000        3.32766208333333      -0.112335678188946     
   7.25799000000000        3.62999500000000      -0.111489645278464     
   7.25799000000000        3.93232791666667      -0.109759636414099     
   7.25799000000000        4.23466083333333      -0.107851851010816     
   7.25799000000000        4.53699375000000      -0.105176103525367     
   7.25799000000000        4.83932666666667      -0.102596650814796     
   7.25799000000000        5.14165958333333      -0.100469899087366     
   7.25799000000000        5.44399250000000      -9.883061669750044E-002
   7.25799000000000        5.74632541666667      -9.758176098601488E-002
   7.25799000000000        6.04865833333333      -9.662040784753839E-002
   7.25799000000000        6.35099125000000      -9.576018467057466E-002
   7.25799000000000        6.65332416666666      -9.459167281677761E-002
   7.25799000000000        6.95565708333333      -9.251370543491680E-002
   7.25799000000000        7.25799000000000      -9.050536652171345E-002
