  2.000000000000000E-003  2.000000000000000E-003 -0.168116919371762     
  2.000000000000000E-003  0.304332916666667      -0.176438095332386     
  2.000000000000000E-003  0.606665833333333      -0.184543449352151     
  2.000000000000000E-003  0.908998750000000      -0.188369458909882     
  2.000000000000000E-003   1.21133166666667      -0.190699241996109     
  2.000000000000000E-003   1.51366458333333      -0.193310600183940     
  2.000000000000000E-003   1.81599750000000      -0.196877840761536     
  2.000000000000000E-003   2.11833041666667      -0.201784426404040     
  2.000000000000000E-003   2.42066333333333      -0.208534765813674     
  2.000000000000000E-003   2.72299625000000      -0.217297723198402     
  2.000000000000000E-003   3.02532916666667      -0.226632234782520     
  2.000000000000000E-003   3.32766208333333      -0.232557130564973     
  2.000000000000000E-003   3.62999500000000      -0.233661210600759     
  2.000000000000000E-003   3.93232791666667      -0.232557332538405     
  2.000000000000000E-003   4.23466083333333      -0.226632708434534     
  2.000000000000000E-003   4.53699375000000      -0.217298195528148     
  2.000000000000000E-003   4.83932666666667      -0.208535093114233     
  2.000000000000000E-003   5.14165958333333      -0.201784611688575     
  2.000000000000000E-003   5.44399250000000      -0.196877896304288     
  2.000000000000000E-003   5.74632541666667      -0.193310571775782     
  2.000000000000000E-003   6.04865833333333      -0.190699169207957     
  2.000000000000000E-003   6.35099125000000      -0.188369385895670     
  2.000000000000000E-003   6.65332416666666      -0.184543392282834     
  2.000000000000000E-003   6.95565708333333      -0.176438095709128     
  2.000000000000000E-003   7.25799000000000      -0.168116852177548     
  0.304332916666667       2.000000000000000E-003 -0.176453785128927     
  0.304332916666667       0.304332916666667      -0.184461316717200     
  0.304332916666667       0.606665833333333      -0.191832858584384     
  0.304332916666667       0.908998750000000      -0.196754597674429     
  0.304332916666667        1.21133166666667      -0.200463269455988     
  0.304332916666667        1.51366458333333      -0.204369971710759     
  0.304332916666667        1.81599750000000      -0.209081462449267     
  0.304332916666667        2.11833041666667      -0.214895126244895     
  0.304332916666667        2.42066333333333      -0.221923142545132     
  0.304332916666667        2.72299625000000      -0.229796930195523     
  0.304332916666667        3.02532916666667      -0.236931688757858     
  0.304332916666667        3.32766208333333      -0.240604099385157     
  0.304332916666667        3.62999500000000      -0.241300589238461     
  0.304332916666667        3.93232791666667      -0.240604337239137     
  0.304332916666667        4.23466083333333      -0.236932103560957     
  0.304332916666667        4.53699375000000      -0.229797350566137     
  0.304332916666667        4.83932666666667      -0.221923428321065     
  0.304332916666667        5.14165958333333      -0.214895292389383     
  0.304332916666667        5.44399250000000      -0.209081514381907     
  0.304332916666667        5.74632541666667      -0.204369941903951     
  0.304332916666667        6.04865833333333      -0.200463189832220     
  0.304332916666667        6.35099125000000      -0.196754510681867     
  0.304332916666667        6.65332416666666      -0.191832797579930     
  0.304332916666667        6.95565708333333      -0.184461253482043     
  0.304332916666667        7.25799000000000      -0.176453824089140     
  0.606665833333333       2.000000000000000E-003 -0.184580622638081     
  0.606665833333333       0.304332916666667      -0.191858448904426     
  0.606665833333333       0.606665833333333      -0.197738580296907     
  0.606665833333333       0.908998750000000      -0.203729494664487     
  0.606665833333333        1.21133166666667      -0.209559551064243     
  0.606665833333333        1.51366458333333      -0.215570506824282     
  0.606665833333333        1.81599750000000      -0.222099927631756     
  0.606665833333333        2.11833041666667      -0.229367847601324     
  0.606665833333333        2.42066333333333      -0.237284866062281     
  0.606665833333333        2.72299625000000      -0.244959114488646     
  0.606665833333333        3.02532916666667      -0.251058554560972     
  0.606665833333333        3.32766208333333      -0.253763223438908     
  0.606665833333333        3.62999500000000      -0.254071613036109     
  0.606665833333333        3.93232791666667      -0.253763391060822     
  0.606665833333333        4.23466083333333      -0.251058849406176     
  0.606665833333333        4.53699375000000      -0.244959423614331     
  0.606665833333333        4.83932666666667      -0.237285088324682     
  0.606665833333333        5.14165958333333      -0.229367982613096     
  0.606665833333333        5.44399250000000      -0.222099980303745     
  0.606665833333333        5.74632541666667      -0.215570487230137     
  0.606665833333333        6.04865833333333      -0.209559486755251     
  0.606665833333333        6.35099125000000      -0.203729415427371     
  0.606665833333333        6.65332416666666      -0.197738483685748     
  0.606665833333333        6.95565708333333      -0.191858354166033     
  0.606665833333333        7.25799000000000      -0.184580803672701     
  0.908998750000000       2.000000000000000E-003 -0.188401423965020     
  0.908998750000000       0.304332916666667      -0.196780617132140     
  0.908998750000000       0.606665833333333      -0.203739865994648     
  0.908998750000000       0.908998750000000      -0.211135374000467     
  0.908998750000000        1.21133166666667      -0.219086357489517     
  0.908998750000000        1.51366458333333      -0.227446996166505     
  0.908998750000000        1.81599750000000      -0.236216319327811     
  0.908998750000000        2.11833041666667      -0.245487107918371     
  0.908998750000000        2.42066333333333      -0.254903645302383     
  0.908998750000000        2.72299625000000      -0.263724258784788     
  0.908998750000000        3.02532916666667      -0.270930627769028     
  0.908998750000000        3.32766208333333      -0.275192868645016     
  0.908998750000000        3.62999500000000      -0.276463318542423     
  0.908998750000000        3.93232791666667      -0.275192989101326     
  0.908998750000000        4.23466083333333      -0.270930832613431     
  0.908998750000000        4.53699375000000      -0.263724466879760     
  0.908998750000000        4.83932666666667      -0.254903811070778     
  0.908998750000000        5.14165958333333      -0.245487220014348     
  0.908998750000000        5.44399250000000      -0.236216377408111     
  0.908998750000000        5.74632541666667      -0.227446997115482     
  0.908998750000000        6.04865833333333      -0.219086306698440     
  0.908998750000000        6.35099125000000      -0.211135288971564     
  0.908998750000000        6.65332416666666      -0.203739771958554     
  0.908998750000000        6.95565708333333      -0.196780592545438     
  0.908998750000000        7.25799000000000      -0.188401673619772     
   1.21133166666667       2.000000000000000E-003 -0.190718319386145     
   1.21133166666667       0.304332916666667      -0.200479037358793     
   1.21133166666667       0.606665833333333      -0.209567593931366     
   1.21133166666667       0.908998750000000      -0.219088223903921     
   1.21133166666667        1.21133166666667      -0.229340438561023     
   1.21133166666667        1.51366458333333      -0.240164005875565     
   1.21133166666667        1.81599750000000      -0.251390243298153     
   1.21133166666667        2.11833041666667      -0.262911390953085     
   1.21133166666667        2.42066333333333      -0.274210686584385     
   1.21133166666667        2.72299625000000      -0.284573136558297     
   1.21133166666667        3.02532916666667      -0.293120881588411     
   1.21133166666667        3.32766208333333      -0.298868440435642     
   1.21133166666667        3.62999500000000      -0.300876874014623     
   1.21133166666667        3.93232791666667      -0.298868527365330     
   1.21133166666667        4.23466083333333      -0.293121010582940     
   1.21133166666667        4.53699375000000      -0.284573265559365     
   1.21133166666667        4.83932666666667      -0.274210797161252     
   1.21133166666667        5.14165958333333      -0.262911470756939     
   1.21133166666667        5.44399250000000      -0.251390293346384     
   1.21133166666667        5.74632541666667      -0.240164022589155     
   1.21133166666667        6.04865833333333      -0.229340416554383     
   1.21133166666667        6.35099125000000      -0.219088162284398     
   1.21133166666667        6.65332416666666      -0.209567533751299     
   1.21133166666667        6.95565708333333      -0.200479063153859     
   1.21133166666667        7.25799000000000      -0.190718564706719     
   1.51366458333333       2.000000000000000E-003 -0.193321228612281     
   1.51366458333333       0.304332916666667      -0.204377849909765     
   1.51366458333333       0.606665833333333      -0.215574062058091     
   1.51366458333333       0.908998750000000      -0.227447083409829     
   1.51366458333333        1.21133166666667      -0.240163010499109     
   1.51366458333333        1.51366458333333      -0.253519113400338     
   1.51366458333333        1.81599750000000      -0.267250096035615     
   1.51366458333333        2.11833041666667      -0.280988174949418     
   1.51366458333333        2.42066333333333      -0.294178472878454     
   1.51366458333333        2.72299625000000      -0.306076428619316     
   1.51366458333333        3.02532916666667      -0.315733555179558     
   1.51366458333333        3.32766208333333      -0.322111053700238     
   1.51366458333333        3.62999500000000      -0.324350728570859     
   1.51366458333333        3.93232791666667      -0.322111092660310     
   1.51366458333333        4.23466083333333      -0.315733619766413     
   1.51366458333333        4.53699375000000      -0.306076493994335     
   1.51366458333333        4.83932666666667      -0.294178537493335     
   1.51366458333333        5.14165958333333      -0.280988225911352     
   1.51366458333333        5.44399250000000      -0.267250132472358     
   1.51366458333333        5.74632541666667      -0.253519134014889     
   1.51366458333333        6.04865833333333      -0.240163012612169     
   1.51366458333333        6.35099125000000      -0.227447064643316     
   1.51366458333333        6.65332416666666      -0.215574047469880     
   1.51366458333333        6.95565708333333      -0.204377908570743     
   1.51366458333333        7.25799000000000      -0.193321454268546     
   1.81599750000000       2.000000000000000E-003 -0.196886079964987     
   1.81599750000000       0.304332916666667      -0.209086854532301     
   1.81599750000000       0.606665833333333      -0.222101545719250     
   1.81599750000000       0.908998750000000      -0.236214838889618     
   1.81599750000000        1.21133166666667      -0.251387540627706     
   1.81599750000000        1.51366458333333      -0.267248051651255     
   1.81599750000000        1.81599750000000      -0.283277244961058     
   1.81599750000000        2.11833041666667      -0.298958520019502     
   1.81599750000000        2.42066333333333      -0.313723938194306     
   1.81599750000000        2.72299625000000      -0.326856993690787     
   1.81599750000000        3.02532916666667      -0.337417892862761     
   1.81599750000000        3.32766208333333      -0.344347353379890     
   1.81599750000000        3.62999500000000      -0.346771349971540     
   1.81599750000000        3.93232791666667      -0.344347361660677     
   1.81599750000000        4.23466083333333      -0.337417908130182     
   1.81599750000000        4.53699375000000      -0.326857003048398     
   1.81599750000000        4.83932666666667      -0.313723945041411     
   1.81599750000000        5.14165958333333      -0.298958536081473     
   1.81599750000000        5.44399250000000      -0.283277261025591     
   1.81599750000000        5.74632541666667      -0.267248067125643     
   1.81599750000000        6.04865833333333      -0.251387556085315     
   1.81599750000000        6.35099125000000      -0.236214853433453     
   1.81599750000000        6.65332416666666      -0.222101572788496     
   1.81599750000000        6.95565708333333      -0.209086939422973     
   1.81599750000000        7.25799000000000      -0.196886294254740     
   2.11833041666667       2.000000000000000E-003 -0.201795083430604     
   2.11833041666667       0.304332916666667      -0.214902848049694     
   2.11833041666667       0.606665833333333      -0.229370557209633     
   2.11833041666667       0.908998750000000      -0.245485243620531     
   2.11833041666667        1.21133166666667      -0.262906931144431     
   2.11833041666667        1.51366458333333      -0.280983476809368     
   2.11833041666667        1.81599750000000      -0.298955566705894     
   2.11833041666667        2.11833041666667      -0.316157813707387     
   2.11833041666667        2.42066333333333      -0.332033956359072     
   2.11833041666667        2.72299625000000      -0.345959636343570     
   2.11833041666667        3.02532916666667      -0.357075034246484     
   2.11833041666667        3.32766208333333      -0.364346035073255     
   2.11833041666667        3.62999500000000      -0.366887061689044     
   2.11833041666667        3.93232791666667      -0.364346025741341     
   2.11833041666667        4.23466083333333      -0.357074999730788     
   2.11833041666667        4.53699375000000      -0.345959589921421     
   2.11833041666667        4.83932666666667      -0.332033891347070     
   2.11833041666667        5.14165958333333      -0.316157766624167     
   2.11833041666667        5.44399250000000      -0.298955541178688     
   2.11833041666667        5.74632541666667      -0.280983476350002     
   2.11833041666667        6.04865833333333      -0.262906952110825     
   2.11833041666667        6.35099125000000      -0.245485274025963     
   2.11833041666667        6.65332416666666      -0.229370604437654     
   2.11833041666667        6.95565708333333      -0.214902946491508     
   2.11833041666667        7.25799000000000      -0.201795284557693     
   2.42066333333333       2.000000000000000E-003 -0.208552902715443     
   2.42066333333333       0.304332916666667      -0.221937810719258     
   2.42066333333333       0.606665833333333      -0.237290532245786     
   2.42066333333333       0.908998750000000      -0.254901363650223     
   2.42066333333333        1.21133166666667      -0.274203962341282     
   2.42066333333333        1.51366458333333      -0.294170715424643     
   2.42066333333333        1.81599750000000      -0.313717687395464     
   2.42066333333333        2.11833041666667      -0.332030647372557     
   2.42066333333333        2.42066333333333      -0.348588970190216     
   2.42066333333333        2.72299625000000      -0.362904791949504     
   2.42066333333333        3.02532916666667      -0.374249005603798     
   2.42066333333333        3.32766208333333      -0.381652825607665     
   2.42066333333333        3.62999500000000      -0.384239623236817     
   2.42066333333333        3.93232791666667      -0.381652784173555     
   2.42066333333333        4.23466083333333      -0.374248923265205     
   2.42066333333333        4.53699375000000      -0.362904666134517     
   2.42066333333333        4.83932666666667      -0.348588840714840     
   2.42066333333333        5.14165958333333      -0.332030524262137     
   2.42066333333333        5.44399250000000      -0.313717616891656     
   2.42066333333333        5.74632541666667      -0.294170693456010     
   2.42066333333333        6.04865833333333      -0.274203976283271     
   2.42066333333333        6.35099125000000      -0.254901405998045     
   2.42066333333333        6.65332416666666      -0.237290582297950     
   2.42066333333333        6.95565708333333      -0.221937897511596     
   2.42066333333333        7.25799000000000      -0.208553078983924     
   2.72299625000000       2.000000000000000E-003 -0.217324639901450     
   2.72299625000000       0.304332916666667      -0.229820254245554     
   2.72299625000000       0.606665833333333      -0.244967589430211     
   2.72299625000000       0.908998750000000      -0.263720189029960     
   2.72299625000000        1.21133166666667      -0.284563257813211     
   2.72299625000000        1.51366458333333      -0.306065375012682     
   2.72299625000000        1.81599750000000      -0.326847583729051     
   2.72299625000000        2.11833041666667      -0.345953334432312     
   2.72299625000000        2.42066333333333      -0.362901900048711     
   2.72299625000000        2.72299625000000      -0.377351940826353     
   2.72299625000000        3.02532916666667      -0.388722273228169     
   2.72299625000000        3.32766208333333      -0.396128591156385     
   2.72299625000000        3.62999500000000      -0.398716324089505     
   2.72299625000000        3.93232791666667      -0.396128517309509     
   2.72299625000000        4.23466083333333      -0.388722130378513     
   2.72299625000000        4.53699375000000      -0.377351745869764     
   2.72299625000000        4.83932666666667      -0.362901690881533     
   2.72299625000000        5.14165958333333      -0.345953157743840     
   2.72299625000000        5.44399250000000      -0.326847459327025     
   2.72299625000000        5.74632541666667      -0.306065313069799     
   2.72299625000000        6.04865833333333      -0.284563257903238     
   2.72299625000000        6.35099125000000      -0.263720221622756     
   2.72299625000000        6.65332416666666      -0.244967622592317     
   2.72299625000000        6.95565708333333      -0.229820274940672     
   2.72299625000000        7.25799000000000      -0.217324748694023     
   3.02532916666667       2.000000000000000E-003 -0.226659524157476     
   3.02532916666667       0.304332916666667      -0.236954712526232     
   3.02532916666667       0.606665833333333      -0.251061692295934     
   3.02532916666667       0.908998750000000      -0.270920568371709     
   3.02532916666667        1.21133166666667      -0.293106393122205     
   3.02532916666667        1.51366458333333      -0.315719151516040     
   3.02532916666667        1.81599750000000      -0.337405813403075     
   3.02532916666667        2.11833041666667      -0.357066442031555     
   3.02532916666667        2.42066333333333      -0.374244027738729     
   3.02532916666667        2.72299625000000      -0.388720268184521     
   3.02532916666667        3.02532916666667      -0.400044550764945     
   3.02532916666667        3.32766208333333      -0.407410664345388     
   3.02532916666667        3.62999500000000      -0.409985213012579     
   3.02532916666667        3.93232791666667      -0.407410564384982     
   3.02532916666667        4.23466083333333      -0.400044354684934     
   3.02532916666667        4.53699375000000      -0.388720008319490     
   3.02532916666667        4.83932666666667      -0.374243748344666     
   3.02532916666667        5.14165958333333      -0.357066198860240     
   3.02532916666667        5.44399250000000      -0.337405639047582     
   3.02532916666667        5.74632541666667      -0.315719065015149     
   3.02532916666667        6.04865833333333      -0.293106381457134     
   3.02532916666667        6.35099125000000      -0.270920602408529     
   3.02532916666667        6.65332416666666      -0.251061690202486     
   3.02532916666667        6.95565708333333      -0.236954602711806     
   3.02532916666667        7.25799000000000      -0.226659514064025     
   3.32766208333333       2.000000000000000E-003 -0.232562430682831     
   3.32766208333333       0.304332916666667      -0.240602162048027     
   3.32766208333333       0.606665833333333      -0.253747497672667     
   3.32766208333333       0.908998750000000      -0.275172392942275     
   3.32766208333333        1.21133166666667      -0.298848551929292     
   3.32766208333333        1.51366458333333      -0.322093832018912     
   3.32766208333333        1.81599750000000      -0.344333418133384     
   3.32766208333333        2.11833041666667      -0.364336017054044     
   3.32766208333333        2.42066333333333      -0.381646635794632     
   3.32766208333333        2.72299625000000      -0.396125472951202     
   3.32766208333333        3.02532916666667      -0.407409582689774     
   3.32766208333333        3.32766208333333      -0.414745455277107     
   3.32766208333333        3.62999500000000      -0.417310933073666     
   3.32766208333333        3.93232791666667      -0.414745355797128     
   3.32766208333333        4.23466083333333      -0.407409363422491     
   3.32766208333333        4.53699375000000      -0.396125181503956     
   3.32766208333333        4.83932666666667      -0.381646319653750     
   3.32766208333333        5.14165958333333      -0.364335747944970     
   3.32766208333333        5.44399250000000      -0.344333221333463     
   3.32766208333333        5.74632541666667      -0.322093739699403     
   3.32766208333333        6.04865833333333      -0.298848515491659     
   3.32766208333333        6.35099125000000      -0.275172446844244     
   3.32766208333333        6.65332416666666      -0.253747467763862     
   3.32766208333333        6.95565708333333      -0.240601902858032     
   3.32766208333333        7.25799000000000      -0.232562333975367     
   3.62999500000000       2.000000000000000E-003 -0.233640235059348     
   3.62999500000000       0.304332916666667      -0.241269115449295     
   3.62999500000000       0.606665833333333      -0.254041531099774     
   3.62999500000000       0.908998750000000      -0.276436762531197     
   3.62999500000000        1.21133166666667      -0.300854325323879     
   3.62999500000000        1.51366458333333      -0.324332308571030     
   3.62999500000000        1.81599750000000      -0.346756708505348     
   3.62999500000000        2.11833041666667      -0.366876538945154     
   3.62999500000000        2.42066333333333      -0.384233026433512     
   3.62999500000000        2.72299625000000      -0.398712846614944     
   3.62999500000000        3.02532916666667      -0.409983791591669     
   3.62999500000000        3.32766208333333      -0.417310598367839     
   3.62999500000000        3.62999500000000      -0.419873707921092     
   3.62999500000000        3.93232791666667      -0.417310474328897     
   3.62999500000000        4.23466083333333      -0.409983580855007     
   3.62999500000000        4.53699375000000      -0.398712558474271     
   3.62999500000000        4.83932666666667      -0.384232713425469     
   3.62999500000000        5.14165958333333      -0.366876264445492     
   3.62999500000000        5.44399250000000      -0.346756510821861     
   3.62999500000000        5.74632541666667      -0.324332221589171     
   3.62999500000000        6.04865833333333      -0.300854324764081     
   3.62999500000000        6.35099125000000      -0.276436830730851     
   3.62999500000000        6.65332416666666      -0.254041502168204     
   3.62999500000000        6.95565708333333      -0.241268703650792     
   3.62999500000000        7.25799000000000      -0.233640319110880     
   3.93232791666667       2.000000000000000E-003 -0.232562448266900     
   3.93232791666667       0.304332916666667      -0.240601874326867     
   3.93232791666667       0.606665833333333      -0.253747178779632     
   3.93232791666667       0.908998750000000      -0.275172178726787     
   3.93232791666667        1.21133166666667      -0.298848433714769     
   3.93232791666667        1.51366458333333      -0.322093739485444     
   3.93232791666667        1.81599750000000      -0.344333333651747     
   3.93232791666667        2.11833041666667      -0.364335940989361     
   3.93232791666667        2.42066333333333      -0.381646546554099     
   3.93232791666667        2.72299625000000      -0.396125364568614     
   3.93232791666667        3.02532916666667      -0.407409456584790     
   3.93232791666667        3.32766208333333      -0.414745334041920     
   3.93232791666667        3.62999500000000      -0.417310788521643     
   3.93232791666667        3.93232791666667      -0.414745223372289     
   3.93232791666667        4.23466083333333      -0.407409252243035     
   3.93232791666667        4.53699375000000      -0.396125108952390     
   3.93232791666667        4.83932666666667      -0.381646268286901     
   3.93232791666667        5.14165958333333      -0.364335706026992     
   3.93232791666667        5.44399250000000      -0.344333180149620     
   3.93232791666667        5.74632541666667      -0.322093682763712     
   3.93232791666667        6.04865833333333      -0.298848412504072     
   3.93232791666667        6.35099125000000      -0.275172219724857     
   3.93232791666667        6.65332416666666      -0.253747083453418     
   3.93232791666667        6.95565708333333      -0.240601492032723     
   3.93232791666667        7.25799000000000      -0.232562235448085     
   4.23466083333333       2.000000000000000E-003 -0.226659684642952     
   4.23466083333333       0.304332916666667      -0.236954499694331     
   4.23466083333333       0.606665833333333      -0.251061346385425     
   4.23466083333333       0.908998750000000      -0.270920289372412     
   4.23466083333333        1.21133166666667      -0.293106203588316     
   4.23466083333333        1.51366458333333      -0.315718995802873     
   4.23466083333333        1.81599750000000      -0.337405670519271     
   4.23466083333333        2.11833041666667      -0.357066294371203     
   4.23466083333333        2.42066333333333      -0.374243865186486     
   4.23466083333333        2.72299625000000      -0.388720067463751     
   4.23466083333333        3.02532916666667      -0.400044310039542     
   4.23466083333333        3.32766208333333      -0.407410406633247     
   4.23466083333333        3.62999500000000      -0.409984965143534     
   4.23466083333333        3.93232791666667      -0.407410320739668     
   4.23466083333333        4.23466083333333      -0.400044168469662     
   4.23466083333333        4.53699375000000      -0.388719878672423     
   4.23466083333333        4.83932666666667      -0.374243655191743     
   4.23466083333333        5.14165958333333      -0.357066122671746     
   4.23466083333333        5.44399250000000      -0.337405566425502     
   4.23466083333333        5.74632541666667      -0.315718973908983     
   4.23466083333333        6.04865833333333      -0.293106225145411     
   4.23466083333333        6.35099125000000      -0.270920313418977     
   4.23466083333333        6.65332416666666      -0.251061256193714     
   4.23466083333333        6.95565708333333      -0.236954225905516     
   4.23466083333333        7.25799000000000      -0.226659478937708     
   4.53699375000000       2.000000000000000E-003 -0.217324780429795     
   4.53699375000000       0.304332916666667      -0.229820141406267     
   4.53699375000000       0.606665833333333      -0.244967334855815     
   4.53699375000000       0.908998750000000      -0.263719938126401     
   4.53699375000000        1.21133166666667      -0.284563044869956     
   4.53699375000000        1.51366458333333      -0.306065187820821     
   4.53699375000000        1.81599750000000      -0.326847410851209     
   4.53699375000000        2.11833041666667      -0.345953160526586     
   4.53699375000000        2.42066333333333      -0.362901686048532     
   4.53699375000000        2.72299625000000      -0.377351682005028     
   4.53699375000000        3.02532916666667      -0.388721961302301     
   4.53699375000000        3.32766208333333      -0.396128251006265     
   4.53699375000000        3.62999500000000      -0.398715986318290     
   4.53699375000000        3.93232791666667      -0.396128209431148     
   4.53699375000000        4.23466083333333      -0.388721885099436     
   4.53699375000000        4.53699375000000      -0.377351559059588     
   4.53699375000000        4.83932666666667      -0.362901564988622     
   4.53699375000000        5.14165958333333      -0.345953058504503     
   4.53699375000000        5.44399250000000      -0.326847368614688     
   4.53699375000000        5.74632541666667      -0.306065205510837     
   4.53699375000000        6.04865833333333      -0.284563093169679     
   4.53699375000000        6.35099125000000      -0.263719976666704     
   4.53699375000000        6.65332416666666      -0.244967305361387     
   4.53699375000000        6.95565708333333      -0.229820026867379     
   4.53699375000000        7.25799000000000      -0.217324717183584     
   4.83932666666667       2.000000000000000E-003 -0.208552942659034     
   4.83932666666667       0.304332916666667      -0.221937693059469     
   4.83932666666667       0.606665833333333      -0.237290320258500     
   4.83932666666667       0.908998750000000      -0.254901136256654     
   4.83932666666667        1.21133166666667      -0.274203753032573     
   4.83932666666667        1.51366458333333      -0.294170540094983     
   4.83932666666667        1.81599750000000      -0.313717527236230     
   4.83932666666667        2.11833041666667      -0.332030473027501     
   4.83932666666667        2.42066333333333      -0.348588769394488     
   4.83932666666667        2.72299625000000      -0.362904529703465     
   4.83932666666667        3.02532916666667      -0.374248675846117     
   4.83932666666667        3.32766208333333      -0.381652453535022     
   4.83932666666667        3.62999500000000      -0.384239247882600     
   4.83932666666667        3.93232791666667      -0.381652440667697     
   4.83932666666667        4.23466083333333      -0.374248648327497     
   4.83932666666667        4.53699375000000      -0.362904479576448     
   4.83932666666667        4.83932666666667      -0.348588712004658     
   4.83932666666667        5.14165958333333      -0.332030433721100     
   4.83932666666667        5.44399250000000      -0.313717542878914     
   4.83932666666667        5.74632541666667      -0.294170592626893     
   4.83932666666667        6.04865833333333      -0.274203828500194     
   4.83932666666667        6.35099125000000      -0.254901207948802     
   4.83932666666667        6.65332416666666      -0.237290362972605     
   4.83932666666667        6.95565708333333      -0.221937722036551     
   4.83932666666667        7.25799000000000      -0.208553025037180     
   5.14165958333333       2.000000000000000E-003 -0.201795022054152     
   5.14165958333333       0.304332916666667      -0.214902678452728     
   5.14165958333333       0.606665833333333      -0.229370309052593     
   5.14165958333333       0.908998750000000      -0.245484995107262     
   5.14165958333333        1.21133166666667      -0.262906721888828     
   5.14165958333333        1.51366458333333      -0.280983325660378     
   5.14165958333333        1.81599750000000      -0.298955459465847     
   5.14165958333333        2.11833041666667      -0.316157700920122     
   5.14165958333333        2.42066333333333      -0.332033798285537     
   5.14165958333333        2.72299625000000      -0.345959429325003     
   5.14165958333333        3.02532916666667      -0.357074746296468     
   5.14165958333333        3.32766208333333      -0.364345699584213     
   5.14165958333333        3.62999500000000      -0.366886704570742     
   5.14165958333333        3.93232791666667      -0.364345704677608     
   5.14165958333333        4.23466083333333      -0.357074750091839     
   5.14165958333333        4.53699375000000      -0.345959421669644     
   5.14165958333333        4.83932666666667      -0.332033791690145     
   5.14165958333333        5.14165958333333      -0.316157713301410     
   5.14165958333333        5.44399250000000      -0.298955494104760     
   5.14165958333333        5.74632541666667      -0.280983388690924     
   5.14165958333333        6.04865833333333      -0.262906807887020     
   5.14165958333333        6.35099125000000      -0.245485088086598     
   5.14165958333333        6.65332416666666      -0.229370409149861     
   5.14165958333333        6.95565708333333      -0.214902804351555     
   5.14165958333333        7.25799000000000      -0.201795224832991     
   5.44399250000000       2.000000000000000E-003 -0.196885917246140     
   5.44399250000000       0.304332916666667      -0.209086587712047     
   5.44399250000000       0.606665833333333      -0.222101219355004     
   5.44399250000000       0.908998750000000      -0.236214536135668     
   5.44399250000000        1.21133166666667      -0.251387320043348     
   5.44399250000000        1.51366458333333      -0.267247934796813     
   5.44399250000000        1.81599750000000      -0.283277200294274     
   5.44399250000000        2.11833041666667      -0.298958490416985     
   5.44399250000000        2.42066333333333      -0.313723882832961     
   5.44399250000000        2.72299625000000      -0.326856869028026     
   5.44399250000000        3.02532916666667      -0.337417678105296     
   5.44399250000000        3.32766208333333      -0.344347069324559     
   5.44399250000000        3.62999500000000      -0.346771032635266     
   5.44399250000000        3.93232791666667      -0.344347083864231     
   5.44399250000000        4.23466083333333      -0.337417700097784     
   5.44399250000000        4.53699375000000      -0.326856886890406     
   5.44399250000000        4.83932666666667      -0.313723909554810     
   5.44399250000000        5.14165958333333      -0.298958524793279     
   5.44399250000000        5.44399250000000      -0.283277237028446     
   5.44399250000000        5.74632541666667      -0.267247994544666     
   5.44399250000000        6.04865833333333      -0.251387394164079     
   5.44399250000000        6.35099125000000      -0.236214628214811     
   5.44399250000000        6.65332416666666      -0.222101340458844     
   5.44399250000000        6.95565708333333      -0.209086767473470     
   5.44399250000000        7.25799000000000      -0.196886209771159     
   5.74632541666667       2.000000000000000E-003 -0.193321005120906     
   5.74632541666667       0.304332916666667      -0.204377486430011     
   5.74632541666667       0.606665833333333      -0.215573647878814     
   5.74632541666667       0.908998750000000      -0.227446740092784     
   5.74632541666667        1.21133166666667      -0.240162803332201     
   5.74632541666667        1.51366458333333      -0.253519048290096     
   5.74632541666667        1.81599750000000      -0.267250132316665     
   5.74632541666667        2.11833041666667      -0.280988247354969     
   5.74632541666667        2.42066333333333      -0.294178527998548     
   5.74632541666667        2.72299625000000      -0.306076403208322     
   5.74632541666667        3.02532916666667      -0.315733428515856     
   5.74632541666667        3.32766208333333      -0.322110832796945     
   5.74632541666667        3.62999500000000      -0.324350452105139     
   5.74632541666667        3.93232791666667      -0.322110841724023     
   5.74632541666667        4.23466083333333      -0.315733446928456     
   5.74632541666667        4.53699375000000      -0.306076419315614     
   5.74632541666667        4.83932666666667      -0.294178543247218     
   5.74632541666667        5.14165958333333      -0.280988261113170     
   5.74632541666667        5.44399250000000      -0.267250152173327     
   5.74632541666667        5.74632541666667      -0.253519074359595     
   5.74632541666667        6.04865833333333      -0.240162842896772     
   5.74632541666667        6.35099125000000      -0.227446818077649     
   5.74632541666667        6.65332416666666      -0.215573777264825     
   5.74632541666667        6.95565708333333      -0.204377703801302     
   5.74632541666667        7.25799000000000      -0.193321376203411     
   6.04865833333333       2.000000000000000E-003 -0.190718073770904     
   6.04865833333333       0.304332916666667      -0.200478584638944     
   6.04865833333333       0.606665833333333      -0.209567137869753     
   6.04865833333333       0.908998750000000      -0.219087907402775     
   6.04865833333333        1.21133166666667      -0.229340310790684     
   6.04865833333333        1.51366458333333      -0.240164042147111     
   6.04865833333333        1.81599750000000      -0.251390390114345     
   6.04865833333333        2.11833041666667      -0.262911578602231     
   6.04865833333333        2.42066333333333      -0.274210854608841     
   6.04865833333333        2.72299625000000      -0.284573224233687     
   6.04865833333333        3.02532916666667      -0.293120827992484     
   6.04865833333333        3.32766208333333      -0.298868191282665     
   6.04865833333333        3.62999500000000      -0.300876538224019     
   6.04865833333333        3.93232791666667      -0.298868174700998     
   6.04865833333333        4.23466083333333      -0.293120803679156     
   6.04865833333333        4.53699375000000      -0.284573196454532     
   6.04865833333333        4.83932666666667      -0.274210830637366     
   6.04865833333333        5.14165958333333      -0.262911550059144     
   6.04865833333333        5.44399250000000      -0.251390358927381     
   6.04865833333333        5.74632541666667      -0.240164014630533     
   6.04865833333333        6.04865833333333      -0.229340317843489     
   6.04865833333333        6.35099125000000      -0.219087966796095     
   6.04865833333333        6.65332416666666      -0.209567256325668     
   6.04865833333333        6.95565708333333      -0.200478802561826     
   6.04865833333333        7.25799000000000      -0.190718497022721     
   6.35099125000000       2.000000000000000E-003 -0.188401208372616     
   6.35099125000000       0.304332916666667      -0.196780138100137     
   6.35099125000000       0.606665833333333      -0.203739526464561     
   6.35099125000000       0.908998750000000      -0.211135261395883     
   6.35099125000000        1.21133166666667      -0.219086417278639     
   6.35099125000000        1.51366458333333      -0.227447184190820     
   6.35099125000000        1.81599750000000      -0.236216594559553     
   6.35099125000000        2.11833041666667      -0.245487412436769     
   6.35099125000000        2.42066333333333      -0.254903940406728     
   6.35099125000000        2.72299625000000      -0.263724470163298     
   6.35099125000000        3.02532916666667      -0.270930650577152     
   6.35099125000000        3.32766208333333      -0.275192616361670     
   6.35099125000000        3.62999500000000      -0.276462859120736     
   6.35099125000000        3.93232791666667      -0.275192522123171     
   6.35099125000000        4.23466083333333      -0.270930540273950     
   6.35099125000000        4.53699375000000      -0.263724378542136     
   6.35099125000000        4.83932666666667      -0.254903860580549     
   6.35099125000000        5.14165958333333      -0.245487337575311     
   6.35099125000000        5.44399250000000      -0.236216509981146     
   6.35099125000000        5.74632541666667      -0.227447111664965     
   6.35099125000000        6.04865833333333      -0.219086387332028     
   6.35099125000000        6.35099125000000      -0.211135281922503     
   6.35099125000000        6.65332416666666      -0.203739612578703     
   6.35099125000000        6.95565708333333      -0.196780337993575     
   6.35099125000000        7.25799000000000      -0.188401690954053     
   6.65332416666666       2.000000000000000E-003 -0.184580442447295     
   6.65332416666666       0.304332916666667      -0.191858102541077     
   6.65332416666666       0.606665833333333      -0.197738664810244     
   6.65332416666666       0.908998750000000      -0.203729833594676     
   6.65332416666666        1.21133166666667      -0.209559923664094     
   6.65332416666666        1.51366458333333      -0.215570879138314     
   6.65332416666666        1.81599750000000      -0.222100323303046     
   6.65332416666666        2.11833041666667      -0.229368266810630     
   6.65332416666666        2.42066333333333      -0.237285291796618     
   6.65332416666666        2.72299625000000      -0.244959500848880     
   6.65332416666666        3.02532916666667      -0.251058714605135     
   6.65332416666666        3.32766208333333      -0.253762955182002     
   6.65332416666666        3.62999500000000      -0.254071007553053     
   6.65332416666666        3.93232791666667      -0.253762778750858     
   6.65332416666666        4.23466083333333      -0.251058512063011     
   6.65332416666666        4.53699375000000      -0.244959344573900     
   6.65332416666666        4.83932666666667      -0.237285164207712     
   6.65332416666666        5.14165958333333      -0.229368145063510     
   6.65332416666666        5.44399250000000      -0.222100188790129     
   6.65332416666666        5.74632541666667      -0.215570755211198     
   6.65332416666666        6.04865833333333      -0.209559831700240     
   6.65332416666666        6.35099125000000      -0.203729799516636     
   6.65332416666666        6.65332416666666      -0.197738741216737     
   6.65332416666666        6.95565708333333      -0.191858353556032     
   6.65332416666666        7.25799000000000      -0.184581063749952     
   6.95565708333333       2.000000000000000E-003 -0.176453655064422     
   6.95565708333333       0.304332916666667      -0.184461316362414     
   6.95565708333333       0.606665833333333      -0.191833571336384     
   6.95565708333333       0.908998750000000      -0.196755421650263     
   6.95565708333333        1.21133166666667      -0.200463931039048     
   6.95565708333333        1.51366458333333      -0.204370500989382     
   6.95565708333333        1.81599750000000      -0.209081951841770     
   6.95565708333333        2.11833041666667      -0.214895643420507     
   6.95565708333333        2.42066333333333      -0.221923727620706     
   6.95565708333333        2.72299625000000      -0.229797543689018     
   6.95565708333333        3.02532916666667      -0.236932126576202     
   6.95565708333333        3.32766208333333      -0.240604066760373     
   6.95565708333333        3.62999500000000      -0.241300028342787     
   6.95565708333333        3.93232791666667      -0.240603886765004     
   6.95565708333333        4.23466083333333      -0.236931950064022     
   6.95565708333333        4.53699375000000      -0.229797402906632     
   6.95565708333333        4.83932666666667      -0.221923585638518     
   6.95565708333333        5.14165958333333      -0.214895504553473     
   6.95565708333333        5.44399250000000      -0.209081788157103     
   6.95565708333333        5.74632541666667      -0.204370333430587     
   6.95565708333333        6.04865833333333      -0.200463756193487     
   6.95565708333333        6.35099125000000      -0.196755294269381     
   6.95565708333333        6.65332416666666      -0.191833667108049     
   6.95565708333333        6.95565708333333      -0.184461763514041     
   6.95565708333333        7.25799000000000      -0.176454443775562     
   7.25799000000000       2.000000000000000E-003 -0.168116762667515     
   7.25799000000000       0.304332916666667      -0.176438370673278     
   7.25799000000000       0.606665833333333      -0.184544296706008     
   7.25799000000000       0.908998750000000      -0.188370371317314     
   7.25799000000000        1.21133166666667      -0.190699995472203     
   7.25799000000000        1.51366458333333      -0.193311210802372     
   7.25799000000000        1.81599750000000      -0.196878398821933     
   7.25799000000000        2.11833041666667      -0.201785022804940     
   7.25799000000000        2.42066333333333      -0.208535492761285     
   7.25799000000000        2.72299625000000      -0.217298592925733     
   7.25799000000000        3.02532916666667      -0.226633126671110     
   7.25799000000000        3.32766208333333      -0.232557801408915     
   7.25799000000000        3.62999500000000      -0.233661643764640     
   7.25799000000000        3.93232791666667      -0.232557695153069     
   7.25799000000000        4.23466083333333      -0.226633078348988     
   7.25799000000000        4.53699375000000      -0.217298533119139     
   7.25799000000000        4.83932666666667      -0.208535387967515     
   7.25799000000000        5.14165958333333      -0.201784892036803     
   7.25799000000000        5.44399250000000      -0.196878225714442     
   7.25799000000000        5.74632541666667      -0.193311021162424     
   7.25799000000000        6.04865833333333      -0.190699786697085     
   7.25799000000000        6.35099125000000      -0.188370217329281     
   7.25799000000000        6.65332416666666      -0.184544398874666     
   7.25799000000000        6.95565708333333      -0.176438948635300     
   7.25799000000000        7.25799000000000      -0.168117582773101     
